0 0.17694786440677998 0.6614013506289308 0.14296371186440665 0.0661970660377358
0 0.2342166652542372 0.7243214544025157 0.12994677118644057 0.0452233867924528
0 0.7582829152542375 0.5566587468553458 0.10807449152542353 0.11077009119496864
1 0.2711864406779661 0.7908805031446541 0.18644067796610164 0.1037735849056604
2 0.7796610169491526 0.11949685534591195 0.050847457627118765 0.025157232704402538
2 0.23728813559322035 0.5015723270440252 0.06779661016949158 0.07232704402515715
2 0.1864406779661017 0.6352201257861635 0.06779661016949158 0.03773584905660386
2 0.7711864406779662 0.48742138364779874 0.06779661016949189 0.031446540880503145
2 0.7245762711864406 0.08176100628930817 0.0423728813559322 0.025157232704402538
2 0.2838983050847458 0.7374213836477987 0.07627118644067785 0.040880503144653996
