0 0.16998721562500002 0.52330555625 0.1747017046875 0.5188958328125 0.173315340625 0.5158437499999999 0.173315340625 0.5114357640625 0.178862215625 0.5155052078125 0.1852414765625 0.5148263890625 0.18718181875 0.5121145828125 0.1869048296875 0.487019096875 0.16934375 0.4873732640625 0.16998721562500002 0.52330555625
0 0.16943323906250002 0.5446701390625 0.1686008515625 0.553487846875 0.16943323906250002 0.567730903125 0.1730383515625 0.569425346875 0.176643465625 0.5687482640625 0.179971590625 0.567730903125 0.179971590625 0.5504357640624999 0.1780298296875 0.5361927078125001 0.172671875 0.53293055625 0.16943323906250002 0.5446701390625
1 0.84375 0.8046875 0.8453125 0.8078125 0.8375 0.809375 0.834375 0.8140625 0.81875 0.825 0.8078125 0.8375 0.8 0.8578125 0.8 0.865625 0.796875 0.8703125 0.796875 0.8796875 0.79375 0.8859375 0.7875 0.8859375 0.78125 0.875 0.78125 0.8625 0.7921875 0.8359375 0.803125 0.8265625 0.809375 0.825 0.8265625 0.8140625 0.828125 0.809375 0.8328125 0.80625 0.8421875 0.8046875
2 0.171875 0.5125 0.1796875 0.5140625 0.184375 0.5203125 0.1828125 0.53125 0.178125 0.534375 0.171875 0.5328125 0.1703125 0.525 0.171875 0.5140625
2 0.803125 0.9 0.8015625 0.896875 0.803125 0.8875 0.8078125 0.884375 0.8125 0.884375 0.815625 0.8875 0.8171875 0.896875 0.8109375 0.903125 0.8046875 0.9
2 0.1578125 0.4484375 0.1640625 0.4609375 0.1640625 0.475 0.1609375 0.4765625 0.1578125 0.475 0.15625 0.4703125 0.15625 0.45
3 0.2109375 0.8515625 0.2171875 0.8546875 0.2171875 0.859375 0.2234375 0.8671875 0.2265625 0.8859375 0.2359375 0.9015625 0.2375 0.91875 0.2484375 0.93125 0.2578125 0.9609375 0.2578125 0.978125 0.2640625 0.9984375 0.2078125 0.9984375 0.203125 0.9765625 0.1828125 0.959375 0.175 0.9671875 0.1703125 0.9875 0.1703125 0.996875 0.1609375 0.9984375 0.1609375 0.978125 0.16875 0.9453125 0.1921875 0.9171875 0.2 0.915625 0.203125 0.9125 0.2015625 0.9046875 0.1984375 0.9015625 0.1984375 0.896875 0.2015625 0.8921875 0.2 0.8625 0.203125 0.8546875 0.209375 0.8515625
3 0.53125 0.3828125 0.5359375 0.3828125 0.5453125 0.3890625 0.546875 0.39375 0.5453125 0.4296875 0.553125 0.4328125 0.5609375 0.4453125 0.5609375 0.4734375 0.553125 0.48125 0.5546875 0.525 0.5515625 0.5375 0.5453125 0.55 0.54375 0.596875 0.5375 0.615625 0.5375 0.6265625 0.5359375 0.63125 0.5296875 0.6296875 0.515625 0.6421875 0.5171875 0.60625 0.515625 0.6046875 0.5140625 0.55625 0.5109375 0.5328125 0.5140625 0.4796875 0.50625 0.4703125 0.503125 0.45625 0.5046875 0.4484375 0.5125 0.440625 0.515625 0.43125 0.525 0.4265625 0.5265625 0.39375 0.53125 0.384375
3 0.16875 0.4125 0.1734375 0.41875 0.1765625 0.434375 0.1828125 0.4359375 0.19375 0.4484375 0.2015625 0.4734375 0.2015625 0.515625 0.1953125 0.525 0.2 0.5703125 0.2 0.6109375 0.2015625 0.6125 0.2 0.6359375 0.2015625 0.6375 0.203125 0.703125 0.2015625 0.7046875 0.196875 0.703125 0.196875 0.6859375 0.1890625 0.646875 0.1875 0.6171875 0.18125 0.6109375 0.1734375 0.59375 0.16875 0.5703125 0.16875 0.559375 0.175 0.559375 0.1796875 0.5515625 0.1765625 0.5484375 0.178125 0.54375 0.171875 0.534375 0.16875 0.5359375 0.16875 0.5390625 0.16875 0.534375 0.1640625 0.5265625 0.1625 0.5109375 0.159375 0.5078125 0.15625 0.496875 0.1578125 0.45625 0.159375 0.4546875 0.1578125 0.428125 0.1609375 0.4171875 0.1671875 0.4140625
3 0.9984375 0.775 0.9984375 0.8125 0.98125 0.8515625 0.978125 0.8546875 0.971875 0.853125 0.9703125 0.8359375 0.9734375 0.825 0.984375 0.803125 0.9859375 0.79375 0.996875 0.7765625
3 0.4859375 0.2265625 0.4859375 0.1921875 0.4828125 0.175 0.484375 0.1390625 0.490625 0.1296875 0.49375 0.11875 0.496875 0.1203125 0.4984375 0.1296875 0.503125 0.1359375 0.50625 0.165625 0.5046875 0.1765625 0.5015625 0.1796875 0.4984375 0.190625 0.496875 0.228125 0.4953125 0.2296875 0.490625 0.221875 0.4875 0.2265625
3 0.8390625 0.7296875 0.8484375 0.7328125 0.853125 0.74375 0.853125 0.765625 0.8515625 0.7671875 0.853125 0.8046875 0.8515625 0.80625 0.8515625 0.8375 0.85 0.8390625 0.8515625 0.8765625 0.8453125 0.8890625 0.84375 0.896875 0.8453125 0.903125 0.8421875 0.9140625 0.8296875 0.9203125 0.8265625 0.9265625 0.8171875 0.9359375 0.80625 0.9609375 0.803125 0.9734375 0.803125 0.9875 0.8 0.990625 0.79375 0.990625 0.7890625 0.9984375 0.7625 0.9984375 0.7625 0.996875 0.7734375 0.9953125 0.778125 0.9921875 0.778125 0.9828125 0.775 0.978125 0.775 0.971875 0.784375 0.9640625 0.790625 0.928125 0.796875 0.9125 0.796875 0.8796875 0.8015625 0.8546875 0.809375 0.834375 0.8125 0.803125 0.828125 0.784375 0.828125 0.7421875 0.83125 0.7328125 0.8375 0.7296875
3 0.2734375 0.2703125 0.2796875 0.2734375 0.284375 0.2875 0.28125 0.3 0.2828125 0.3171875 0.2796875 0.33125 0.26875 0.34375 0.2578125 0.3390625 0.2578125 0.334375 0.259375 0.325 0.2625 0.3171875 0.265625 0.315625 0.2671875 0.30625 0.265625 0.278125 0.271875 0.271875