0 0.33281818125 0.844515625 0.3281789765625 0.8380711812499999 0.3237514203125 0.8262118062500001 0.3224857953125 0.8218298609374999 0.320377840625 0.8215729171874999 0.3193238640625 0.8267274312499999 0.3158053984375 0.8295260421874999 0.3304985796875 0.8509600687500001 0.33281818125 0.844515625
2 0.5984375 0.8625 0.60625 0.8671875 0.6078125 0.8734375 0.60625 0.8953125 0.603125 0.903125 0.59375 0.896875 0.590625 0.8828125 0.590625 0.8703125 0.59375 0.8640625 0.596875 0.8625
2 0.47265625 0.58515625 0.0171875 0.02421875
2 0.35 0.7296875 0.353125 0.740625 0.353125 0.76875 0.3515625 0.7703125 0.34375 0.76875 0.3421875 0.7578125 0.34375 0.7296875 0.3453125 0.728125 0.3484375 0.7296875
2 0.459375 0.5671875 0.4671875 0.571875 0.465625 0.59375 0.4609375 0.59375 0.4546875 0.578125 0.4546875 0.571875 0.4578125 0.56875
2 0.3078125 0.809375 0.315625 0.8078125 0.325 0.8265625 0.3234375 0.834375 0.3125 0.8359375 0.3078125 0.8296875 0.30625 0.8171875 0.3078125 0.8109375
2 0.403125 0.725 0.4046875 0.7265625 0.4046875 0.7453125 0.4 0.7734375 0.39375 0.765625 0.3890625 0.7546875 0.3890625 0.7484375 0.396875 0.7265625 0.4015625 0.725
2 0.40043181875 0.306453125 0.3970795453125 0.3079895828125 0.3960326703125 0.31003993125 0.3972897734375 0.313625 0.398965909375 0.3161875 0.4027357953125 0.3164427078125 0.408393465625 0.31516319375 0.40565909062500005 0.30722743124999996 0.40043181875 0.306453125
2 0.44949147656250005 0.41439756875 0.4465894890625 0.411293403125 0.441872159375 0.41040625000000003 0.440421875 0.4135104171875 0.44089630625 0.41974305625 0.44767755625000005 0.42415624999999996 0.45130539843750006 0.41750347187500003 0.44949147656250005 0.41439756875
1 0.459375 0.44375 0.4546875 0.45 0.4515625 0.46875 0.453125 0.4765625 0.446875 0.4921875 0.4421875 0.5171875 0.4421875 0.5375 0.4390625 0.5421875 0.4328125 0.528125 0.4328125 0.503125 0.4375 0.490625 0.4375 0.4828125 0.446875 0.4703125 0.446875 0.4640625 0.453125 0.446875 0.4578125 0.44375
3 0.475 0.221875 0.4796875 0.2234375 0.4828125 0.228125 0.4828125 0.25625 0.4875 0.2625 0.490625 0.2734375 0.490625 0.3046875 0.4921875 0.30625 0.4890625 0.315625 0.490625 0.34375 0.4859375 0.3609375 0.4671875 0.365625 0.4640625 0.3640625 0.4640625 0.35 0.4609375 0.340625 0.4609375 0.315625 0.4625 0.3140625 0.4609375 0.26875 0.465625 0.265625 0.46875 0.259375 0.465625 0.246875 0.465625 0.2328125 0.46875 0.2234375 0.4734375 0.221875
3 0.4359375 0.3140625 0.446875 0.325 0.4453125 0.3515625 0.4359375 0.365625 0.4359375 0.3859375 0.440625 0.40625 0.45 0.4171875 0.4390625 0.440625 0.4390625 0.45625 0.4359375 0.465625 0.4359375 0.4828125 0.43125 0.5078125 0.4328125 0.5421875 0.428125 0.5859375 0.43125 0.59375 0.4421875 0.6015625 0.4390625 0.609375 0.4328125 0.6125 0.421875 0.6125 0.41875 0.6109375 0.41875 0.60625 0.4140625 0.6015625 0.409375 0.6015625 0.40625 0.596875 0.40625 0.5578125 0.409375 0.528125 0.4140625 0.5171875 0.4140625 0.496875 0.4109375 0.475 0.40625 0.4625 0.40625 0.4140625 0.4015625 0.4015625 0.403125 0.3875 0.40625 0.38125 0.40625 0.3703125 0.4109375 0.35625 0.421875 0.34375 0.421875 0.33125 0.425 0.3234375 0.43125 0.315625 0.434375 0.315625
3 0.64375 0.7625 0.6515625 0.7578125 0.6625 0.7578125 0.675 0.7625 0.68125 0.7734375 0.68125 0.7984375 0.6703125 0.834375 0.6703125 0.840625 0.671875 0.8421875 0.675 0.840625 0.675 0.84375 0.6671875 0.8453125 0.6671875 0.85 0.6703125 0.853125 0.6703125 0.8609375 0.678125 0.8734375 0.68125 0.9 0.68125 0.9140625 0.678125 0.9203125 0.678125 0.9671875 0.675 0.978125 0.6703125 0.9828125 0.66875 0.9984375 0.625 0.9984375 0.6234375 0.996875 0.621875 0.9984375 0.5984375 0.9984375 0.5953125 0.9734375 0.6 0.9515625 0.6015625 0.9171875 0.6046875 0.903125 0.59375 0.8921875 0.5921875 0.8734375 0.584375 0.85625 0.584375 0.840625 0.59375 0.8296875 0.59375 0.8265625 0.5984375 0.821875 0.60625 0.81875 0.6171875 0.80625 0.625 0.8015625 0.6328125 0.8015625 0.6359375 0.7984375 0.6359375 0.7890625 0.640625 0.7765625 0.640625 0.76875 0.64375 0.7640625
3 0.4171875 0.221875 0.4203125 0.2234375 0.425 0.240625 0.434375 0.25 0.4390625 0.2625 0.446875 0.3 0.446875 0.315625 0.44375 0.3171875 0.4375 0.3140625 0.4296875 0.3140625 0.4203125 0.3265625 0.4171875 0.340625 0.4140625 0.3359375 0.4140625 0.3203125 0.409375 0.315625 0.4015625 0.3140625 0.4 0.309375 0.4 0.3078125 0.4125 0.3078125 0.4171875 0.303125 0.4171875 0.278125 0.4109375 0.2765625 0.4078125 0.2828125 0.3953125 0.2953125 0.39375 0.3015625 0.3859375 0.3 0.4 0.275 0.4109375 0.265625 0.40625 0.228125 0.4109375 0.221875 0.415625 0.221875
3 0.3140625 0.6140625 0.3203125 0.6203125 0.3265625 0.634375 0.328125 0.6734375 0.3328125 0.6796875 0.3421875 0.6859375 0.3453125 0.7125 0.3484375 0.715625 0.353125 0.7375 0.3515625 0.740625 0.353125 0.7671875 0.3515625 0.78125 0.3484375 0.784375 0.35 0.815625 0.346875 0.8375 0.346875 0.8828125 0.3484375 0.884375 0.3484375 0.9109375 0.353125 0.93125 0.353125 0.946875 0.359375 0.965625 0.3578125 0.978125 0.3515625 0.978125 0.346875 0.9734375 0.34375 0.9640625 0.3359375 0.9546875 0.3328125 0.925 0.334375 0.884375 0.328125 0.8546875 0.3234375 0.8578125 0.321875 0.8828125 0.315625 0.9109375 0.3171875 0.934375 0.3140625 0.9390625 0.309375 0.9390625 0.3046875 0.9328125 0.30625 0.9140625 0.303125 0.9 0.30625 0.86875 0.3109375 0.853125 0.3109375 0.8390625 0.30625 0.81875 0.3078125 0.8078125 0.2984375 0.796875 0.2921875 0.784375 0.2921875 0.775 0.2875 0.7578125 0.2875 0.70625 0.2890625 0.6984375 0.296875 0.6828125 0.3015625 0.68125 0.3 0.6421875 0.30625 0.6203125 0.3125 0.6140625
3 0.484375 0.415625 0.4921875 0.4203125 0.4953125 0.4296875 0.49375 0.4546875 0.4890625 0.465625 0.4890625 0.471875 0.4984375 0.4828125 0.5015625 0.496875 0.5015625 0.525 0.503125 0.5265625 0.5 0.5578125 0.5015625 0.6046875 0.4984375 0.615625 0.4984375 0.66875 0.496875 0.6703125 0.4984375 0.7359375 0.4953125 0.7421875 0.4875 0.7453125 0.484375 0.7421875 0.4859375 0.709375 0.484375 0.7078125 0.484375 0.6765625 0.48125 0.6671875 0.475 0.6828125 0.471875 0.7390625 0.4671875 0.74375 0.4640625 0.74375 0.4609375 0.7390625 0.4609375 0.63125 0.459375 0.6265625 0.4640625 0.6125 0.4625 0.6078125 0.4546875 0.6015625 0.4546875 0.5828125 0.44375 0.546875 0.44375 0.5203125 0.45 0.4890625 0.453125 0.4859375 0.453125 0.4796875 0.4703125 0.459375 0.46875 0.44375 0.471875 0.425 0.478125 0.4171875 0.4828125 0.4171875
3 0.7515625 0.7796875 0.7546875 0.778125 0.7625 0.7796875 0.7703125 0.790625 0.7734375 0.8046875 0.778125 0.8109375 0.7828125 0.825 0.784375 0.8359375 0.7875 0.8390625 0.7875 0.85 0.7921875 0.8625 0.7921875 0.86875 0.7953125 0.8734375 0.8 0.9015625 0.8 0.9171875 0.7921875 0.921875 0.7890625 0.9421875 0.7890625 0.9921875 0.790625 0.99375 0.7890625 0.996875 0.7875 0.9984375 0.71875 0.9984375 0.71875 0.95 0.7203125 0.946875 0.71875 0.93125 0.7140625 0.91875 0.7140625 0.903125 0.71875 0.8828125 0.7234375 0.875 0.728125 0.8484375 0.734375 0.8359375 0.7375 0.80625 0.74375 0.7921875 0.7515625 0.78125
3 0.375 0.5296875 0.378125 0.5296875 0.3875 0.5421875 0.390625 0.5578125 0.390625 0.5734375 0.3921875 0.578125 0.4015625 0.5875 0.4046875 0.596875 0.4046875 0.6203125 0.4078125 0.63125 0.4078125 0.653125 0.409375 0.6546875 0.4078125 0.7140625 0.4015625 0.7640625 0.4046875 0.7828125 0.4046875 0.871875 0.4109375 0.89375 0.4203125 0.9046875 0.421875 0.9109375 0.421875 0.915625 0.41875 0.9203125 0.4109375 0.9203125 0.390625 0.9 0.3921875 0.8859375 0.390625 0.8421875 0.3828125 0.8296875 0.38125 0.821875 0.378125 0.778125 0.3765625 0.7765625 0.3734375 0.778125 0.3734375 0.790625 0.36875 0.8125 0.3625 0.81875 0.3546875 0.81875 0.353125 0.8140625 0.3546875 0.8125 0.35625 0.7375 0.3546875 0.7296875 0.3484375 0.71875 0.34375 0.684375 0.3375 0.678125 0.3375 0.6453125 0.3421875 0.63125 0.34375 0.603125 0.3625 0.5796875 0.3609375 0.540625 0.3640625 0.5359375 0.375 0.53125