1 0.5953125 0.75625 0.5984375 0.75625 0.596875 0.775 0.6 0.8015625 0.6015625 0.803125 0.6046875 0.8015625 0.609375 0.790625 0.615625 0.784375 0.61875 0.7828125 0.6234375 0.784375 0.6 0.8109375 0.6 0.81875 0.6078125 0.8390625 0.6078125 0.859375 0.609375 0.8609375 0.6078125 0.8796875 0.6015625 0.8890625 0.5921875 0.8890625 0.5828125 0.884375 0.5703125 0.8671875 0.5703125 0.8453125 0.575 0.825 0.578125 0.8203125 0.5921875 0.8140625 0.5953125 0.8078125 0.59375 0.7921875 0.59375 0.759375 0.5953125 0.7578125
2 0.6 0.4734375 0.6078125 0.4796875 0.60625 0.4875 0.6 0.4921875 0.5953125 0.475 0.5984375 0.4734375
2 0.5875 0.5875 0.590625 0.6015625 0.5890625 0.60625 0.5859375 0.60625 0.584375 0.609375 0.5828125 0.60625 0.578125 0.6046875 0.578125 0.5953125 0.5796875 0.5890625 0.5859375 0.5875
2 0.4875 0.25 0.4890625 0.2578125 0.4875 0.259375 0.484375 0.25625 0.484375 0.253125 0.4875 0.2515625
2 0.4640625 0.246875 0.471875 0.2484375 0.4703125 0.2546875 0.4671875 0.2546875 0.4640625 0.2484375
3 0.4875 0.2578125 0.478125 0.253125 0.4671875 0.2546875 0.4609375 0.2453125 0.4609375 0.2328125 0.471875 0.2109375 0.4734375 0.1953125 0.475 0.19375 0.48125 0.1953125 0.48125 0.209375 0.4859375 0.215625 0.4921875 0.234375 0.4921875 0.2515625 0.4890625 0.25625
3 0.621875 0.6921875 0.6359375 0.725 0.6359375 0.7546875 0.6296875 0.7765625 0.6390625 0.7890625 0.640625 0.83125 0.6390625 0.8328125 0.6390625 0.8640625 0.634375 0.8765625 0.6234375 0.8828125 0.6234375 0.9125 0.6203125 0.921875 0.609375 0.9984375 0.59375 0.9984375 0.5921875 0.996875 0.590625 0.9984375 0.575 0.9984375 0.5796875 0.9171875 0.578125 0.90625 0.571875 0.89375 0.5734375 0.8765625 0.5828125 0.8859375 0.59375 0.890625 0.6 0.890625 0.6046875 0.8859375 0.609375 0.8765625 0.6078125 0.8359375 0.6015625 0.8234375 0.5984375 0.8078125 0.5953125 0.8078125 0.5921875 0.8140625 0.58125 0.8171875 0.5703125 0.83125 0.5625 0.8296875 0.5625 0.8015625 0.578125 0.771875 0.5796875 0.7609375 0.5890625 0.753125 0.59375 0.753125 0.5984375 0.75625 0.6015625 0.753125 0.60625 0.7375 0.6078125 0.7265625 0.60625 0.715625 0.609375 0.7015625 0.615625 0.6921875 0.6203125 0.6921875
3 0.5859375 0.653125 0.5875 0.6640625 0.5703125 0.678125 0.5703125 0.68125 0.58125 0.6953125 0.58125 0.703125 0.578125 0.70625 0.5671875 0.7046875 0.5625 0.7 0.5546875 0.696875 0.5546875 0.678125 0.559375 0.6578125 0.5609375 0.56875 0.55625 0.54375 0.559375 0.534375 0.559375 0.48125 0.5625 0.4703125 0.5625 0.45625 0.5671875 0.446875 0.58125 0.4390625 0.5828125 0.425 0.5875 0.4171875 0.5921875 0.4171875 0.5953125 0.4203125 0.6 0.428125 0.6015625 0.4359375 0.6015625 0.4515625 0.5953125 0.471875 0.603125 0.48125 0.6015625 0.4890625 0.603125 0.50625 0.6015625 0.5078125 0.6 0.54375 0.5921875 0.5578125 0.5921875 0.56875 0.5890625 0.5796875 0.5890625 0.6046875 0.584375 0.6078125 0.5796875 0.6296875 0.578125 0.64375 0.584375 0.653125
3 0.3734375 0.9421875 0.3796875 0.9546875 0.3890625 0.9640625 0.396875 0.9796875 0.4 0.9921875 0.3984375 0.9984375 0.346875 0.9984375 0.3453125 0.996875 0.3484375 0.9515625 0.35625 0.940625 0.371875 0.9421875
3 0.640625 0.9984375 0.640625 0.984375 0.646875 0.9734375 0.646875 0.96875 0.653125 0.9546875 0.653125 0.9484375 0.6609375 0.921875 0.6671875 0.9140625 0.66875 0.903125 0.671875 0.8984375 0.671875 0.890625 0.678125 0.884375 0.6828125 0.8828125 0.6921875 0.884375 0.696875 0.8890625 0.7015625 0.9015625 0.7015625 0.9140625 0.690625 0.9453125 0.6984375 0.971875 0.7 0.9953125 0.6984375 0.9984375 0.6421875 0.9984375
3 0.546875 0.3765625 0.5609375 0.378125 0.5609375 0.384375 0.571875 0.4 0.571875 0.409375 0.5671875 0.4140625 0.5609375 0.415625 0.5578125 0.425 0.5578125 0.4375 0.55 0.45 0.53125 0.45 0.5234375 0.446875 0.51875 0.4375 0.5265625 0.403125 0.534375 0.3921875 0.534375 0.3890625 0.546875 0.378125