1 0.421875 0.9203125 0.425 0.91875 0.428125 0.9203125 0.428125 0.93125 0.425 0.9375 0.425 0.94375 0.4203125 0.95 0.4171875 0.971875 0.4125 0.9796875 0.409375 0.9953125 0.40625 0.9984375 0.396875 0.9984375 0.40625 0.9734375 0.4109375 0.9515625 0.421875 0.9265625 0.421875 0.921875
2 0.45625 0.3203125 0.4578125 0.3296875 0.453125 0.33125 0.4515625 0.328125 0.4515625 0.3234375 0.4546875 0.321875
2 0.48125 0.3734375 0.484375 0.378125 0.484375 0.384375 0.4796875 0.3859375 0.478125 0.38125 0.48125 0.375
2 0.5125 0.396875 0.515625 0.396875 0.515625 0.4078125 0.5125 0.415625 0.5109375 0.4140625 0.5125 0.3984375
2 0.9953125 0.8203125 0.9984375 0.8234375 0.9984375 0.846875 0.99375 0.846875 0.9859375 0.8375 0.9859375 0.8265625 0.9875 0.8234375 0.99375 0.821875
2 0.225 0.60625 0.2265625 0.5921875 0.23125 0.5890625 0.2328125 0.5890625 0.234375 0.6 0.23125 0.60625 0.2265625 0.60625
3 0.4875 0.259375 0.4890625 0.2609375 0.4890625 0.28125 0.4953125 0.2921875 0.4953125 0.296875 0.4921875 0.31875 0.484375 0.3265625 0.4828125 0.33125 0.4765625 0.33125 0.4703125 0.328125 0.4671875 0.3234375 0.4625 0.3234375 0.4578125 0.3296875 0.4546875 0.3296875 0.453125 0.321875 0.459375 0.315625 0.459375 0.3109375 0.465625 0.3015625 0.4671875 0.2875 0.475 0.278125 0.4765625 0.2609375 0.4796875 0.2578125 0.4859375 0.259375
3 0.490625 0.475 0.490625 0.46875 0.4953125 0.4625 0.4953125 0.44375 0.49375 0.4421875 0.49375 0.425 0.490625 0.415625 0.490625 0.3921875 0.4828125 0.3796875 0.4828125 0.36875 0.484375 0.3671875 0.484375 0.3515625 0.4875 0.34375 0.4875 0.3265625 0.49375 0.3203125 0.4953125 0.2984375 0.4984375 0.2890625 0.50625 0.2890625 0.5109375 0.2953125 0.509375 0.321875 0.5140625 0.3265625 0.5140625 0.33125 0.51875 0.340625 0.5203125 0.365625 0.5171875 0.396875 0.5109375 0.425 0.5125 0.4734375 0.509375 0.4953125 0.50625 0.496875 0.503125 0.4953125 0.5015625 0.4765625 0.4984375 0.4734375 0.4921875 0.475
3 0.21875 0.471875 0.225 0.4734375 0.225 0.478125 0.221875 0.4828125 0.221875 0.4984375 0.2265625 0.509375 0.225 0.5328125 0.23125 0.540625 0.2328125 0.5484375 0.2328125 0.584375 0.228125 0.590625 0.2234375 0.609375 0.209375 0.621875 0.2046875 0.634375 0.2015625 0.6328125 0.1984375 0.6265625 0.1875 0.5984375 0.1875 0.5640625 0.1953125 0.5484375 0.2 0.528125 0.203125 0.5234375 0.2046875 0.5109375 0.215625 0.496875 0.21875 0.4734375
3 0.9953125 0.74375 0.9984375 0.74375 0.9984375 0.846875 0.9953125 0.85 0.9890625 0.84375 0.9796875 0.825 0.98125 0.8109375 0.984375 0.80625 0.9875 0.759375 0.9953125 0.7453125
3 0.5625 0.3203125 0.5671875 0.3265625 0.565625 0.3421875 0.5671875 0.3484375 0.5765625 0.3546875 0.5828125 0.3796875 0.5828125 0.40625 0.5765625 0.4171875 0.575 0.425 0.575 0.4484375 0.5734375 0.45 0.575 0.4609375 0.565625 0.5234375 0.565625 0.540625 0.5671875 0.5421875 0.565625 0.55 0.5625 0.55 0.559375 0.540625 0.5546875 0.5359375 0.546875 0.534375 0.5453125 0.4484375 0.54375 0.446875 0.5453125 0.4015625 0.5359375 0.396875 0.5359375 0.3828125 0.5390625 0.3765625 0.540625 0.3640625 0.54375 0.35625 0.553125 0.3453125 0.5546875 0.3265625 0.5609375 0.3203125
3 0.39375 0.8609375 0.4015625 0.8515625 0.4125 0.846875 0.4203125 0.846875 0.43125 0.8578125 0.4359375 0.865625 0.440625 0.896875 0.4515625 0.9046875 0.4515625 0.9078125 0.459375 0.915625 0.4671875 0.9359375 0.4671875 0.9453125 0.471875 0.959375 0.471875 0.9984375 0.3734375 0.9984375 0.371875 0.9890625 0.3734375 0.9875 0.375 0.915625 0.3828125 0.890625 0.3953125 0.878125 0.3921875 0.8640625 0.39375 0.8625