0 0.4415454546875 0.64430381875 0.44320454531250003 0.6353263890624999 0.43964914843749997 0.63243055625 0.4402414765625 0.6199288187499999 0.4353821015625 0.6289548609375 0.43324857968749997 0.6414079859374999 0.4330113640625 0.64430381875 0.4415454546875 0.64430381875
0 0.42567897656250003 0.54722743125 0.42053124999999997 0.53908680625 0.4161392046875 0.5348958328125 0.4153821015625 0.54722743125 0.43143323906250003 0.56202430625 0.4323423296875 0.55055555625 0.42567897656250003 0.54722743125
2 0.7796875 0.8296875 0.7859375 0.834375 0.7859375 0.840625 0.7796875 0.846875 0.7765625 0.846875 0.7734375 0.840625 0.7734375 0.83125 0.778125 0.8296875
2 0.4265625 0.5328125 0.4296875 0.5375 0.43125 0.5484375 0.4296875 0.55625 0.425 0.55625 0.41875 0.55 0.41875 0.5375 0.425 0.5328125
2 0.56875 0.4984375 0.5703125 0.5125 0.5671875 0.51875 0.5625 0.5171875 0.5625 0.503125 0.5671875 0.4984375
2 0.5125 0.378125 0.515625 0.38125 0.515625 0.3875 0.5125 0.3875 0.5125 0.3796875
2 0.3421875 0.76875 0.3453125 0.771875 0.3453125 0.7859375 0.3421875 0.7890625 0.3421875 0.79375 0.3390625 0.796875 0.3359375 0.790625 0.3375 0.775 0.340625 0.7703125
2 0.3390625 0.7921875 0.3453125 0.784375 0.353125 0.784375 0.3578125 0.790625 0.3578125 0.8 0.353125 0.8046875 0.346875 0.80625 0.340625 0.7984375 0.340625 0.79375
2 0.79375 0.8984375 0.7953125 0.9 0.7953125 0.91875 0.7921875 0.9234375 0.784375 0.9265625 0.7765625 0.925 0.7765625 0.9171875 0.7828125 0.90625 0.7890625 0.9 0.7921875 0.9
2 0.4421875 0.6328125 0.440625 0.6234375 0.446875 0.615625 0.4515625 0.615625 0.453125 0.63125 0.4515625 0.634375 0.44375 0.6328125
1 0.5375 0.453125 0.5421875 0.453125 0.5421875 0.465625 0.5484375 0.475 0.559375 0.4765625 0.5640625 0.471875 0.5640625 0.4953125 0.5609375 0.5015625 0.5578125 0.503125 0.546875 0.5015625 0.5359375 0.4921875 0.5359375 0.4578125 0.5375 0.4546875
1 0.46875 0.38125 0.4734375 0.384375 0.475 0.39375 0.475 0.409375 0.471875 0.4125 0.4671875 0.409375 0.465625 0.39375 0.46875 0.3828125
1 0.7458323859375 0.9729270828125 0.754080965625 0.971668403125 0.7630170453125 0.9544548609374999 0.7637045453125 0.9397604171875 0.7609545453125001 0.9351423609375 0.750643465625 0.9359826390625001 0.7396448859375 0.93388194375 0.7382698859375 0.9183489578125 0.73586505625 0.8742656249999999 0.73724005625 0.9397604171875 0.7303650562499999 0.9582326390624999 0.7331150562500001 0.96956944375 0.7458323859375 0.9729270828125
3 0.4421875 0.5140625 0.453125 0.503125 0.4640625 0.4640625 0.4703125 0.453125 0.4796875 0.4515625 0.4859375 0.4625 0.4859375 0.4765625 0.4828125 0.4828125 0.48125 0.4984375 0.490625 0.528125 0.4921875 0.540625 0.4890625 0.5796875 0.4828125 0.6078125 0.48125 0.65625 0.4796875 0.6578125 0.48125 0.6609375 0.48125 0.69375 0.4828125 0.6953125 0.4828125 0.75 0.465625 0.765625 0.4609375 0.765625 0.4546875 0.759375 0.4546875 0.75625 0.4578125 0.7484375 0.4671875 0.7375 0.465625 0.73125 0.459375 0.7296875 0.4515625 0.7359375 0.4453125 0.7359375 0.4421875 0.734375 0.440625 0.7296875 0.4421875 0.721875 0.446875 0.7171875 0.45 0.7171875 0.4546875 0.7109375 0.453125 0.684375 0.4484375 0.6734375 0.45 0.6375 0.4421875 0.63125 0.4421875 0.621875 0.4453125 0.61875 0.4453125 0.6109375 0.440625 0.5921875 0.44375 0.5828125 0.446875 0.5484375 0.44375 0.54375 0.440625 0.54375 0.4390625 0.546875 0.425 0.5515625 0.421875 0.54375 0.421875 0.5390625 0.4296875 0.53125 0.4296875 0.528125 0.4421875 0.515625
3 0.553125 0.3796875 0.5609375 0.384375 0.5625 0.3921875 0.5609375 0.4296875 0.565625 0.4421875 0.5734375 0.45 0.575 0.4625 0.5671875 0.5125 0.5609375 0.5171875 0.5578125 0.5234375 0.55625 0.5328125 0.5578125 0.54375 0.55 0.534375 0.5453125 0.54375 0.546875 0.55 0.5453125 0.59375 0.53125 0.59375 0.528125 0.5875 0.534375 0.578125 0.5359375 0.5703125 0.5359375 0.521875 0.5390625 0.5046875 0.5390625 0.4953125 0.5359375 0.4890625 0.5359375 0.471875 0.5375 0.45625 0.540625 0.45 0.54375 0.43125 0.546875 0.4265625 0.546875 0.4203125 0.54375 0.415625 0.54375 0.3890625 0.546875 0.3828125 0.5515625 0.38125
3 0.3671875 0.73125 0.3703125 0.7328125 0.390625 0.7765625 0.3953125 0.7984375 0.39375 0.8375 0.396875 0.8671875 0.39375 0.8921875 0.3890625 0.9015625 0.3890625 0.925 0.3953125 0.95 0.3953125 0.9671875 0.396875 0.96875 0.3953125 0.978125 0.3984375 0.9875 0.396875 0.990625 0.390625 0.990625 0.38125 0.9859375 0.375 0.978125 0.375 0.9671875 0.38125 0.9640625 0.38125 0.95625 0.3765625 0.9359375 0.3625 0.9 0.3640625 0.88125 0.359375 0.8765625 0.3546875 0.8546875 0.35 0.8484375 0.3328125 0.85 0.328125 0.8484375 0.325 0.84375 0.328125 0.8203125 0.3375 0.8 0.3375 0.7765625 0.346875 0.759375 0.346875 0.74375 0.353125 0.7328125 0.359375 0.7296875 0.365625 0.73125
3 0.4921875 0.2953125 0.5015625 0.3078125 0.503125 0.328125 0.5109375 0.3390625 0.515625 0.3625 0.5140625 0.3859375 0.5109375 0.378125 0.5078125 0.3765625 0.5046875 0.3890625 0.5046875 0.4015625 0.5 0.4265625 0.496875 0.4984375 0.4953125 0.5015625 0.4921875 0.5015625 0.4859375 0.490625 0.4890625 0.46875 0.4875 0.459375 0.4796875 0.4484375 0.4796875 0.4265625 0.475 0.4078125 0.475 0.3890625 0.46875 0.378125 0.46875 0.3484375 0.4765625 0.3265625 0.4828125 0.3234375 0.4859375 0.31875 0.4875 0.3046875 0.4921875 0.296875
3 0.49375 0.2265625 0.02421875 0.1265625
3 0.78125 0.7546875 0.790625 0.7640625 0.79375 0.7703125 0.7953125 0.784375 0.7890625 0.8015625 0.78125 0.8109375 0.775 0.8234375 0.7765625 0.828125 0.7828125 0.834375 0.7828125 0.8390625 0.7734375 0.85 0.775 0.8859375 0.7671875 0.9015625 0.7671875 0.909375 0.771875 0.9125 0.778125 0.9125 0.7875 0.9015625 0.79375 0.9 0.7953125 0.9015625 0.7953125 0.9171875 0.790625 0.9234375 0.7765625 0.9265625 0.771875 0.9296875 0.7640625 0.9375 0.7640625 0.940625 0.759375 0.94375 0.7546875 0.95625 0.7484375 0.9578125 0.7484375 0.9609375 0.7546875 0.9640625 0.7546875 0.971875 0.75 0.9828125 0.75 0.9890625 0.7625 0.99375 0.7640625 0.9953125 0.7625 0.9984375 0.759375 0.996875 0.7546875 0.9984375 0.7484375 0.99375 0.746875 0.9953125 0.7375 0.99375 0.7328125 0.965625 0.7171875 0.98125 0.7078125 0.9984375 0.6921875 0.9984375 0.6921875 0.9921875 0.703125 0.9703125 0.709375 0.9484375 0.7140625 0.940625 0.7140625 0.90625 0.71875 0.8921875 0.71875 0.8765625 0.7265625 0.8609375 0.73125 0.8421875 0.734375 0.8375 0.734375 0.8203125 0.7375 0.809375 0.75 0.7984375 0.75 0.7953125 0.759375 0.7859375 0.759375 0.778125 0.765625 0.759375 0.7734375 0.753125 0.7796875 0.7546875