1 0.4955113640625 0.5279947921875 0.49652272656249996 0.525934028125 0.4968607953125 0.517277778125 0.4968607953125 0.5102708328125 0.4931491484375 0.5073854171875001 0.48707528437500003 0.5069739578125 0.48606249999999995 0.49790625000000005 0.4803267046875 0.496668403125 0.474252840625 0.5106822921874999 0.47492755625000005 0.5176892359374999 0.48775 0.5255208328125 0.4955113640625 0.5279947921875
0 0.46237926093750004 0.436328125 0.4587144890625 0.42940972187500004 0.457215909375 0.4212708328125 0.45371875 0.4210677078125 0.4507201703125 0.42228819375000004 0.45246875 0.42608680625 0.45688352343750005 0.44385590312499995 0.45954829531249997 0.4452795140625 0.46254545468749997 0.44467013906249997 0.46237926093750004 0.436328125
0 0.46820880625 0.44446527812500003 0.4678764203125 0.4245260421875 0.4667102265625 0.42228819375000004 0.4607144890625 0.4242552078125 0.46204687499999997 0.45056944374999996 0.466044034375 0.45077256875 0.46754261406250003 0.45077256875 0.46820880625 0.44446527812500003
2 0.5109375 0.384375 0.5125 0.3921875 0.50625 0.3984375 0.5 0.396875 0.5 0.3828125 0.503125 0.38125 0.509375 0.384375
2 0.48125 0.4765625 0.4875 0.4890625 0.4875 0.49375 0.484375 0.4953125 0.478125 0.4953125 0.475 0.4921875 0.475 0.48125 0.4796875 0.4765625
2 0.9458551140625 0.8333159718750001 0.9462116484375 0.820703125 0.945143465625 0.817659721875 0.9393579546874999 0.8225138890625001 0.9392684656249999 0.8328802078124999 0.9408707390625001 0.83527256875 0.9438977265625 0.835925346875 0.9458551140625 0.8333159718750001
2 0.94069318125 0.8426649312500001 0.9414048296875 0.83744618125 0.9392684656249999 0.83527256875 0.9374886359374999 0.8380989578125 0.9376661937499999 0.8457100687500001 0.93944744375 0.8537552078124999 0.9431846593750001 0.8587569437499999 0.9462997156249999 0.8492743062500001 0.94567755625 0.84527430625 0.9430071015625 0.8424479171874999 0.94069318125 0.8426649312500001
3 0.5113636359375 0.3958333328125 0.5227272734375 0.3697916671875 0.5014204546875 0.3020833328125 0.49289772656249997 0.30555555624999997 0.49147727343750003 0.32118055624999997 0.47443181875 0.3454861109375 0.47017045468749996 0.3697916671875 0.49147727343750003 0.36284722187499996 0.5113636359375 0.43055555625 0.5113636359375 0.3958333328125
3 0.46448863593749995 0.46180555625 0.46306818125 0.5295138890625 0.487215909375 0.5381944437499999 0.49431818125 0.5486111109375 0.49147727343750003 0.621527778125 0.49573863593749995 0.628472221875 0.5042613640625 0.5989583328125 0.5127840906250001 0.4479166671875 0.49289772656249997 0.36631944375000003 0.48295454531250004 0.36284722187499996 0.47301136406250005 0.37152777812500004 0.46732954531250004 0.44097222187499996 0.453125 0.4427083328125 0.453125 0.44965277812500004 0.46448863593749995 0.46180555625
3 0.9034090906250001 0.940972221875 0.9105113640625 0.949652778125 0.9105113640625 0.921875 0.91619318125 0.890625 0.921875 0.8836805562500001 0.9375 0.840277778125 0.9517045453125 0.815972221875 0.95880681875 0.8107638890625 0.953125 0.7881944437499999 0.96306818125 0.7795138890625 0.9644886359375 0.7725694437499999 0.9573863640625 0.7586805562500001 0.9488636359375 0.7586805562500001 0.9446022734374999 0.7725694437499999 0.9332386359375 0.784722221875 0.90625 0.8819444437499999 0.8934659093749999 0.8993055562500001 0.8934659093749999 0.909722221875 0.9019886359375 0.9201388890625 0.90056818125 0.9322916671874999 0.9034090906250001 0.940972221875
3 0.9289772734374999 0.940972221875 0.9346590906250001 0.9583333328125001 0.9446022734374999 0.9479166671874999 0.9659090906250001 0.8993055562500001 0.9928977265625001 0.8211805562500001 0.9801136359375 0.8107638890625 0.96306818125 0.8489583328125001 0.94318181875 0.8454861109375 0.9403409093749999 0.8506944437499999 0.9417613640625 0.859375 0.953125 0.8680555562500001 0.953125 0.878472221875 0.9289772734374999 0.940972221875