0 0.46179119375 0.50782118125 0.460903409375 0.496972221875 0.45557528437499994 0.49480381875 0.45557528437499994 0.49100694375 0.46179119375 0.49100694375 0.4573508515625 0.47961631875000005 0.44425284062500003 0.4952170140625 0.45246732968750003 0.5132447921875001 0.46179119375 0.50782118125
2 0.5140625 0.4734375 0.515625 0.4875 0.5140625 0.490625 0.509375 0.4875 0.509375 0.475 0.5125 0.4734375
2 0.49609375 0.19453125 0.00546875 0.01015625
2 0 0.934375 0.00625 0.9359375 0.00625 0.9421875 0.0109375 0.946875 0.009375 0.9578125 0.0046875 0.9609375 0 0.959375 0 0.9359375
2 0.459375 0.4921875 0.4640625 0.4921875 0.4671875 0.4953125 0.4671875 0.50625 0.4609375 0.5109375 0.4546875 0.5109375 0.453125 0.509375 0.4546875 0.5 0.459375 0.49375
2 0.015625 0.8609375 0.0203125 0.8625 0.01875 0.884375 0.015625 0.8828125 0.0125 0.875 0.0125 0.865625 0.015625 0.8625
2 0.4125 0.478125 0.41875 0.478125 0.4203125 0.4828125 0.4203125 0.4921875 0.4125 0.4953125 0.4109375 0.4921875 0.4125 0.4796875
3 0.471590909375 0.65625 0.46875 0.6701388890625 0.47301136406250005 0.6770833328125 0.481534090625 0.668402778125 0.48579545468749996 0.6493055562500001 0.48295454531250004 0.559027778125 0.49147727343750003 0.5225694437499999 0.49289772656249997 0.4392361109375 0.49147727343750003 0.42534722187499996 0.46448863593749995 0.39756944375000003 0.45880681875 0.38368055624999997 0.44886363593749995 0.3854166671875 0.44460227343750003 0.39409722187499996 0.450284090625 0.42534722187499996 0.44602272656249997 0.4392361109375 0.41193181875 0.4826388890625 0.41193181875 0.4895833328125 0.43181818125 0.4826388890625 0.44744318125 0.4861111109375 0.44460227343750003 0.4982638890625 0.46306818125 0.6197916671875 0.453125 0.6423611109375 0.471590909375 0.65625
3 0.2116477265625 0.765625 0.231534090625 0.777777778125 0.231534090625 0.7586805562500001 0.2457386359375 0.7517361109375 0.231534090625 0.5625 0.2258522734375 0.550347221875 0.205965909375 0.5416666671875 0.1988636359375 0.5104166671875 0.1875 0.5086805562500001 0.18181818125 0.519097221875 0.18892045468750002 0.550347221875 0.1789772734375 0.565972221875 0.17755681875 0.5850694437499999 0.1875 0.6024305562500001 0.1875 0.6614583328125 0.1988636359375 0.6701388890625 0.21306818125000002 0.7135416671875 0.21875 0.7517361109375 0.2116477265625 0.7569444437499999 0.2116477265625 0.765625
3 0.140625 0.7239583328125 0.13778409062500002 0.675347221875 0.1079545453125 0.612847221875 0.10653409062500001 0.574652778125 0.09517045468749999 0.565972221875 0.0866477265625 0.5763888890625 0.0894886359375 0.6475694437499999 0.10369318125 0.71875 0.1207386359375 0.7482638890625 0.14346590937499998 0.8541666671874999 0.17045454531249998 0.8680555562500001 0.18465909062500002 0.855902778125 0.18607954531249998 0.84375 0.171875 0.8298611109375 0.15625 0.7638888890625 0.140625 0.7239583328125
3 0.09517045468749999 0.565972221875 0.1079545453125 0.574652778125 0.1079545453125 0.6163194437499999 0.12642045468750002 0.6493055562500001 0.1292613640625 0.6111111109375 0.11221590937499999 0.565972221875 0.1164772734375 0.527777778125 0.1079545453125 0.5104166671875 0.096590909375 0.519097221875 0.09517045468749999 0.565972221875
3 0.5071022734375 0.5115746531250001 0.5170454546875 0.4513888890625 0.49289772656249997 0.3611111109375 0.47869318125 0.3541666671875 0.47301136406250005 0.36284722187499996 0.471590909375 0.3854166671875 0.481534090625 0.40625 0.49005681875 0.40972222187499996 0.497159090625 0.43402777812500004 0.49431818125 0.5208333328125 0.5014204546875 0.578125 0.49005681875 0.6111111109375 0.49857954531250004 0.612847221875 0.5099431812499999 0.6024305562500001 0.5071022734375 0.5115746531250001
3 0.49573863593749995 0.16493055625 0.49289772656249997 0.1927083328125 0.5 0.21701388906250002 0.5 0.2517361109375 0.5113636359375 0.25694444375000003 0.515625 0.246527778125 0.5113636359375 0.21354166718749998 0.5198863640625 0.18402777812499999 0.5142045453125 0.14756944375 0.5042613640625 0.14409722187500001 0.49573863593749995 0.16493055625