2 0.2125 0.5453125 0.21875 0.54375 0.2234375 0.5484375 0.2234375 0.55625 0.21875 0.5625 0.2109375 0.5546875 0.2125 0.546875
2 0.453125 0.3671875 0.4546875 0.36875 0.453125 0.378125 0.4453125 0.378125 0.4453125 0.371875 0.4515625 0.3671875
0 0.21972727343749998 0.543206596875 0.22205255625000003 0.5412170140625 0.22554119374999998 0.5494635421875 0.23042471562500003 0.54349131875 0.2301917609375 0.5386579859375 0.227169034375 0.5352447921875 0.22484375 0.530409721875 0.22158806874999998 0.5247239578125 0.2192613640625 0.5213107640625 0.21554119374999997 0.5241545140625 0.2113551140625 0.5241545140625 0.2028892046875 0.5277309031249999 0.20553977343750002 0.5386579859375 0.21065625 0.543206596875 0.21740056874999997 0.54491319375 0.21972727343749998 0.543206596875
1 0.515625 0.2265625 0.51875 0.2265625 0.521875 0.2390625 0.528125 0.2484375 0.5296875 0.259375 0.5328125 0.2625 0.5328125 0.290625 0.5296875 0.2921875 0.5328125 0.284375 0.53125 0.2671875 0.525 0.25 0.5171875 0.2375 0.515625 0.228125
3 0.153125 0.9140625 0.1609375 0.915625 0.1671875 0.921875 0.171875 0.9390625 0.1875 0.9703125 0.2171875 0.9984375 0.171875 0.9984375 0.16875 0.9953125 0.1578125 0.9984375 0.13125 0.9984375 0.1328125 0.984375 0.140625 0.959375 0.1390625 0.95 0.140625 0.9171875 0.14375 0.9140625 0.1515625 0.9140625
3 0.4703125 0.1625 0.46875 0.159375 0.46875 0.128125 0.465625 0.1203125 0.465625 0.0984375 0.4703125 0.0828125 0.4765625 0.084375 0.4765625 0.090625 0.4828125 0.1078125 0.478125 0.1328125 0.4765625 0.1609375 0.471875 0.1625
3 0.4734375 0.309375 0.4765625 0.3078125 0.4828125 0.309375 0.484375 0.3296875 0.4921875 0.3421875 0.4921875 0.35625 0.4953125 0.365625 0.49375 0.4015625 0.4859375 0.4265625 0.484375 0.4953125 0.4828125 0.4984375 0.478125 0.5 0.4734375 0.509375 0.46875 0.5078125 0.4703125 0.4953125 0.46875 0.4296875 0.465625 0.425 0.4640625 0.396875 0.46875 0.3609375 0.4765625 0.3453125 0.4765625 0.3359375 0.471875 0.3296875 0.4703125 0.321875 0.4703125 0.315625 0.4734375 0.3109375
3 0.5296875 0.2171875 0.5375 0.234375 0.5390625 0.2546875 0.5359375 0.265625 0.5328125 0.26875 0.5328125 0.2890625 0.5296875 0.2953125 0.5296875 0.3453125 0.5265625 0.353125 0.5265625 0.3609375 0.521875 0.3640625 0.51875 0.3625 0.515625 0.3671875 0.5109375 0.3640625 0.5125 0.3546875 0.5109375 0.275 0.5046875 0.2609375 0.5046875 0.246875 0.509375 0.2328125 0.515625 0.225 0.515625 0.2015625 0.5171875 0.2 0.5234375 0.2015625 0.528125 0.2171875
3 0.2 0.4390625 0.2046875 0.446875 0.2046875 0.4546875 0.19375 0.48125 0.2015625 0.5046875 0.203125 0.5359375 0.2078125 0.5421875 0.21875 0.5453125 0.221875 0.5515625 0.2203125 0.5578125 0.2140625 0.55625 0.20625 0.5578125 0.20625 0.575 0.209375 0.5890625 0.209375 0.63125 0.2078125 0.6328125 0.203125 0.6328125 0.2015625 0.6203125 0.19375 0.603125 0.1921875 0.5515625 0.1875 0.546875 0.1828125 0.5359375 0.18125 0.521875 0.1765625 0.5078125 0.178125 0.478125 0.184375 0.4640625 0.1828125 0.446875 0.1875 0.4390625 0.1984375 0.4390625
3 0.45 0.3109375 0.4546875 0.3109375 0.45625 0.3140625 0.4703125 0.315625 0.471875 0.33125 0.478125 0.3375 0.4765625 0.3453125 0.4671875 0.3640625 0.4671875 0.378125 0.4640625 0.38125 0.4484375 0.378125 0.4453125 0.3734375 0.453125 0.3625 0.453125 0.3578125 0.459375 0.3484375 0.45625 0.3421875 0.446875 0.3375 0.4453125 0.334375 0.4453125 0.3234375 0.45 0.3125
3 0 0.8489583328125001 0.0227272734375 0.90625 0.0298295453125 0.9079861109375 0.0383522734375 0.8958333328125001 0.0397727265625 0.8663194437499999 0.026988635937499998 0.8350694437499999 0.0170454546875 0.7829861109375 0.018465909375 0.7569444437499999 0.0028409093749999998 0.7291666671875 0 0.7256944437499999 0 0.8489583328125001