2 0.83125 0.9671875 0.834375 0.971875 0.834375 0.9765625 0.828125 0.9828125 0.8234375 0.9734375 0.8296875 0.9671875
2 0.9046875 0.9796875 0.903125 0.971875 0.90625 0.959375 0.9203125 0.9578125 0.91875 0.9640625 0.9109375 0.975 0.9046875 0.978125
3 0.4921875 0.146875 0.49375 0.159375 0.4984375 0.1671875 0.4984375 0.178125 0.4953125 0.190625 0.4953125 0.203125 0.490625 0.2125 0.4875 0.209375 0.4875 0.19375 0.484375 0.1875 0.484375 0.1640625 0.4875 0.159375 0.4875 0.1484375 0.490625 0.146875
3 0.63125 0.953125 0.646875 0.953125 0.6484375 0.95625 0.6546875 0.9578125 0.6609375 0.9765625 0.6703125 0.984375 0.6703125 0.9890625 0.675 0.996875 0.675 0.9984375 0.5921875 0.9984375 0.59375 0.99375 0.621875 0.9765625 0.625 0.9703125 0.625 0.9640625 0.63125 0.9546875
3 0.46484375 0.24296875 0.0171875 0.1390625
3 0.515625 0.1984375 0.51875 0.2109375 0.5140625 0.225 0.515625 0.234375 0.5140625 0.284375 0.509375 0.30625 0.509375 0.3375 0.5140625 0.35 0.509375 0.353125 0.5 0.3515625 0.5 0.33125 0.4984375 0.3296875 0.5 0.2984375 0.49375 0.275 0.49375 0.2546875 0.4953125 0.240625 0.503125 0.2203125 0.5046875 0.20625 0.509375 0.1984375 0.5140625 0.1984375
3 0.29375 0.1890625 0.2984375 0.2015625 0.296875 0.2140625 0.2984375 0.2296875 0.3015625 0.234375 0.3 0.24375 0.2953125 0.2453125 0.29375 0.234375 0.2859375 0.2265625 0.2875 0.215625 0.2859375 0.196875 0.2921875 0.190625
3 0.5265625 0.215625 0.5296875 0.2171875 0.5328125 0.2265625 0.5328125 0.2375 0.5390625 0.246875 0.5421875 0.2609375 0.5421875 0.2734375 0.5390625 0.284375 0.540625 0.35 0.5375 0.35625 0.5375 0.38125 0.5328125 0.3828125 0.525 0.38125 0.5203125 0.3765625 0.515625 0.3609375 0.515625 0.35625 0.51875 0.353125 0.521875 0.3609375 0.525 0.35625 0.525 0.340625 0.51875 0.328125 0.51875 0.315625 0.515625 0.303125 0.5171875 0.240625 0.5203125 0.2234375 0.525 0.2171875
3 0.453125 0.153125 0.4609375 0.1546875 0.4609375 0.1875 0.45625 0.2015625 0.45625 0.2234375 0.4578125 0.225 0.4578125 0.259375 0.45625 0.2609375 0.4578125 0.2984375 0.45625 0.3 0.453125 0.3 0.45 0.29375 0.45 0.24375 0.453125 0.240625 0.453125 0.2203125 0.446875 0.20625 0.4484375 0.178125 0.453125 0.171875 0.453125 0.1546875
3 0.296875 0.1859375 0.3 0.1859375 0.30625 0.1953125 0.309375 0.20625 0.3078125 0.2125 0.309375 0.2359375 0.3 0.24375 0.2953125 0.19375 0.296875 0.1875
3 0.9171875 0.8265625 0.9265625 0.8359375 0.9296875 0.8421875 0.93125 0.859375 0.9203125 0.884375 0.9109375 0.890625 0.9 0.9046875 0.896875 0.9125 0.8953125 0.921875 0.896875 0.9484375 0.9 0.9546875 0.9046875 0.95625 0.9046875 0.959375 0.9078125 0.9609375 0.9078125 0.971875 0.9 0.9875 0.8984375 0.9953125 0.8953125 0.9984375 0.8328125 0.9984375 0.8296875 0.9953125 0.8296875 0.9796875 0.828125 0.978125 0.828125 0.965625 0.834375 0.9546875 0.853125 0.8953125 0.8703125 0.878125 0.8890625 0.8796875 0.8953125 0.875 0.90625 0.8375 0.9125 0.8296875 0.9171875 0.828125
3 0.484375 0.1890625 0.4859375 0.20625 0.490625 0.215625 0.490625 0.2453125 0.4890625 0.246875 0.4890625 0.2765625 0.4859375 0.3 0.4875 0.3125 0.48125 0.3234375 0.471875 0.321875 0.4765625 0.30625 0.4765625 0.2609375 0.471875 0.2359375 0.471875 0.221875 0.4734375 0.2109375 0.4765625 0.2078125 0.4765625 0.1984375 0.4796875 0.190625 0.4828125 0.1890625
3 0.2859375 0.228125 0.2921875 0.234375 0.29375 0.246875 0.29375 0.2890625 0.290625 0.3 0.2828125 0.3015625 0.2796875 0.28125 0.28125 0.23125 0.284375 0.2296875