0 0.44740198906249995 0.3691041671875 0.44507812500000005 0.373546875 0.44792755624999997 0.37515624999999997 0.45472301093749995 0.374887153125 0.45713352343749997 0.373546875 0.45932528437500003 0.3679201390625 0.4580113640625 0.3652395828125 0.45538068125000003 0.36738368125 0.45362642031249995 0.37086805625 0.45165482968750004 0.3705989578125 0.44740198906249995 0.3691041671875
2 0.45108380625000005 0.3610677078125 0.4488053984375 0.36389930625 0.44551704531249997 0.3687239578125 0.4466136359375 0.36925868125 0.4483664765625 0.3687239578125 0.45099715937499996 0.3681875 0.45165482968750004 0.37086805625 0.45340767031249996 0.3671145828125 0.45472301093749995 0.3641666671875 0.45108380625000005 0.3610677078125
2 0.4626136359375 0.3687239578125 0.45823011406249997 0.3732795140625 0.4562571015625 0.376496528125 0.45559943125 0.3815885421875 0.4586676140625 0.3802482640625 0.46173721562500003 0.3789079859375 0.4661207390625 0.37676388906249997 0.4659019890625 0.36738368125 0.4626136359375 0.3687239578125
2 0.2091178984375 0.565019096875 0.20545738593750001 0.563965278125 0.19718750000000002 0.564190971875 0.1972727265625 0.5718663187499999 0.20373437499999997 0.577659721875 0.2076107953125 0.5823993062499999 0.21450142031250002 0.58266319375 0.2127798296875 0.5792395828125 0.2091178984375 0.5745 0.20976420468749998 0.568706596875 0.2125639203125 0.5692326390625 0.2117017046875 0.56633680625 0.2091178984375 0.565019096875
0 0.2086875 0.5953038187499999 0.21816335156250002 0.6111041671875 0.226778409375 0.6192673609375 0.2297926140625 0.592144096875 0.22074715937499997 0.576605903125 0.21295170468750002 0.5708229171875 0.20997869374999997 0.57344618125 0.21105681875 0.5763420140625 0.21364062499999997 0.5800295140625 0.21364062499999997 0.5831892359374999 0.208471590625 0.5831892359374999 0.20265767031249998 0.5800295140625 0.20308806875 0.5829270828124999 0.20502556875 0.5881927078125 0.2086875 0.5953038187499999
2 0.229362215625 0.58793055625 0.2319460234375 0.5889826390625 0.2334545453125 0.5858229171875 0.2328082390625 0.5797656250000001 0.23216193125 0.5731822921874999 0.22419318124999998 0.573972221875 0.22526988593750003 0.5818732640625 0.229362215625 0.58793055625
3 0.015625 0.8703125 0.0234375 0.86875 0.0296875 0.871875 0.0359375 0.8921875 0.0390625 0.8953125 0.04375 0.8953125 0.046875 0.9 0.05625 0.9046875 0.059375 0.9109375 0.065625 0.915625 0.06875 0.921875 0.06875 0.9390625 0.0765625 0.9515625 0.078125 0.959375 0.0875 0.96875 0.0921875 0.978125 0.1015625 0.984375 0.1015625 0.99375 0.096875 0.9984375 0.0171875 0.9984375 0.015625 0.984375 0.0109375 0.975 0.0109375 0.940625 0.0171875 0.925 0.015625 0.9046875 0.0125 0.8984375 0.0125 0.878125 0.015625 0.871875
3 0.196875 0.49375 0.2015625 0.4921875 0.2078125 0.5015625 0.2171875 0.509375 0.2265625 0.540625 0.2328125 0.5796875 0.23125 0.59375 0.2265625 0.5828125 0.2265625 0.5765625 0.221875 0.5703125 0.221875 0.565625 0.2203125 0.5640625 0.2171875 0.565625 0.2171875 0.5796875 0.2203125 0.5828125 0.2203125 0.590625 0.23125 0.6140625 0.23125 0.6171875 0.228125 0.61875 0.221875 0.6171875 0.2140625 0.6109375 0.2109375 0.6015625 0.2125 0.6 0.2109375 0.590625 0.20625 0.5859375 0.203125 0.5765625 0.1921875 0.5640625 0.190625 0.5484375 0.1828125 0.5390625 0.18125 0.5296875 0.1875 0.515625 0.1875 0.5109375 0.1921875 0.50625 0.196875 0.4953125
3 0.46875 0.1796875 0.4671875 0.103125 0.4703125 0.1 0.478125 0.1 0.4828125 0.1125 0.4828125 0.134375 0.478125 0.146875 0.4765625 0.1765625 0.4734375 0.18125 0.4703125 0.1796875
3 0.48125 0.3078125 0.4859375 0.31875 0.4859375 0.328125 0.4921875 0.3390625 0.49375 0.346875 0.49375 0.38125 0.4953125 0.3828125 0.4921875 0.4125 0.4859375 0.425 0.4859375 0.4734375 0.4828125 0.4796875 0.4828125 0.4984375 0.4796875 0.4984375 0.475 0.490625 0.475 0.4734375 0.4734375 0.471875 0.475 0.45625 0.4703125 0.4546875 0.46875 0.45 0.46875 0.428125 0.465625 0.421875 0.465625 0.3953125 0.46875 0.365625 0.478125 0.34375 0.478125 0.3375 0.471875 0.3234375 0.471875 0.315625 0.4734375 0.3109375 0.4796875 0.3078125
3 0.51875 0.1984375 0.5234375 0.1984375 0.528125 0.2015625 0.5296875 0.21875 0.5328125 0.2203125 0.540625 0.240625 0.540625 0.2546875 0.534375 0.26875 0.534375 0.2875 0.5296875 0.3015625 0.5296875 0.346875 0.5265625 0.3609375 0.51875 0.3625 0.515625 0.3671875 0.5109375 0.365625 0.5125 0.2890625 0.5109375 0.2875 0.5109375 0.271875 0.50625 0.2609375 0.50625 0.2484375 0.5109375 0.234375 0.5171875 0.2265625 0.5171875 0.2015625 0.51875 0.2
3 0.01875 0.7421875 0.028125 0.7484375 0.0328125 0.7765625 0.040625 0.778125 0.0453125 0.784375 0.0515625 0.8125 0.0609375 0.840625 0.0609375 0.8515625 0.0640625 0.8578125 0.0640625 0.8640625 0.0734375 0.890625 0.0765625 0.934375 0.0921875 0.9609375 0.1 0.9765625 0.1 0.98125 0.0953125 0.98125 0.078125 0.9609375 0.078125 0.95625 0.075 0.9546875 0.0671875 0.9390625 0.065625 0.9171875 0.0640625 0.915625 0.0609375 0.9171875 0.053125 0.9125 0.046875 0.8984375 0.0390625 0.8921875 0.0328125 0.8828125 0.0234375 0.846875 0.025 0.8171875 0.015625 0.7984375 0.015625 0.790625 0.0078125 0.7703125 0.0078125 0.7546875 0.0109375 0.746875 0.0171875 0.74375
3 0.45 0.3109375 0.4578125 0.3109375 0.459375 0.3140625 0.46875 0.315625 0.471875 0.3296875 0.478125 0.3390625 0.4671875 0.365625 0.4671875 0.38125 0.4640625 0.3828125 0.4578125 0.38125 0.446875 0.375 0.446875 0.36875 0.45625 0.3515625 0.45625 0.3421875 0.4484375 0.3375 0.4453125 0.3328125 0.4453125 0.3203125 0.45 0.3125