1 0.48125 0.30625 0.484375 0.3078125 0.4828125 0.33125 0.4859375 0.3375 0.484375 0.3453125 0.4828125 0.340625 0.4828125 0.325 0.4796875 0.3140625 0.48125 0.3078125
1 0.8671875 0.9484375 0.8703125 0.9328125 0.8796875 0.9140625 0.884375 0.9140625 0.884375 0.928125 0.8890625 0.934375 0.890625 0.94375 0.8859375 0.9484375 0.86875 0.9484375
1 0.2140625 0.55625 0.2171875 0.5578125 0.2265625 0.5734375 0.225 0.590625 0.2171875 0.6015625 0.2140625 0.5984375 0.2109375 0.5828125 0.2140625 0.5578125
2 0.45 0.3453125 0.453125 0.3484375 0.45 0.359375 0.4453125 0.359375 0.44375 0.35625 0.4453125 0.3484375 0.4484375 0.346875
2 0.48125 0.4421875 0.4828125 0.4484375 0.475 0.4515625 0.4734375 0.4546875 0.471875 0.4515625 0.46875 0.4515625 0.46875 0.4484375 0.4796875 0.4421875
2 0.484375 0.35 0.4890625 0.353125 0.4859375 0.359375 0.48125 0.3625 0.4765625 0.35625 0.478125 0.353125 0.4828125 0.3515625
2 0.5 0.4734375 0.5046875 0.4734375 0.50625 0.4765625 0.5046875 0.4875 0.5 0.4921875 0.4984375 0.490625 0.5 0.475
2 0.9734375 0.7984375 0.9828125 0.8078125 0.9828125 0.8203125 0.978125 0.8234375 0.971875 0.8203125 0.96875 0.815625 0.96875 0.8 0.971875 0.7984375
2 0.4421875 0.2859375 0.4515625 0.2828125 0.45 0.290625 0.446875 0.2921875 0.4421875 0.2875
2 0.87734375 0.95859375 0.02109375 0.0171875
2 0.853125 0.946875 0.8546875 0.9375 0.859375 0.93125 0.86875 0.9265625 0.871875 0.9265625 0.871875 0.9296875 0.865625 0.946875 0.8640625 0.9484375 0.8546875 0.946875
2 0.2265625 0.5171875 0.2296875 0.521875 0.225 0.5328125 0.2171875 0.540625 0.2140625 0.5359375 0.215625 0.5265625 0.225 0.51875
0 0.4524914765625 0.31021875 0.44955681875 0.2994583328125 0.44822443125 0.294894096875 0.44582386406249996 0.2926111109375 0.4439573859375 0.29750173593749996 0.44635795468749995 0.31021875 0.44982386406249997 0.312828125 0.4524914765625 0.31021875
3 0.4734375 0.278125 0.478125 0.2796875 0.48125 0.2875 0.48125 0.303125 0.4875 0.3109375 0.4921875 0.3234375 0.49375 0.346875 0.4875 0.3578125 0.4875 0.3625 0.4796875 0.3609375 0.4734375 0.353125 0.4640625 0.353125 0.459375 0.35 0.45625 0.35 0.45 0.35625 0.446875 0.3546875 0.446875 0.3484375 0.453125 0.334375 0.4546875 0.315625 0.45625 0.3109375 0.46875 0.3 0.46875 0.2828125 0.471875 0.2796875
3 0.5375 0.234375 0.54375 0.234375 0.5453125 0.2578125 0.5578125 0.278125 0.5609375 0.2921875 0.5609375 0.30625 0.559375 0.3125 0.553125 0.3203125 0.55 0.346875 0.546875 0.35625 0.5453125 0.4234375 0.5421875 0.428125 0.5390625 0.428125 0.5359375 0.421875 0.5390625 0.3921875 0.5390625 0.3546875 0.5359375 0.3515625 0.53125 0.3640625 0.5296875 0.4140625 0.5265625 0.415625 0.521875 0.4109375 0.525 0.334375 0.528125 0.3203125 0.528125 0.315625 0.521875 0.3078125 0.521875 0.2953125 0.525 0.2890625 0.528125 0.2703125 0.5359375 0.2578125 0.534375 0.2390625 0.5375 0.2359375
3 0.196875 0.653125 0.19375 0.640625 0.19375 0.6203125 0.1875 0.6015625 0.1875 0.5953125 0.178125 0.571875 0.175 0.4953125 0.178125 0.484375 0.1828125 0.478125 0.18125 0.4734375 0.1828125 0.4453125 0.1875 0.440625 0.19375 0.4421875 0.1953125 0.4453125 0.196875 0.475 0.19375 0.4859375 0.2109375 0.5140625 0.2125 0.5265625 0.2171875 0.528125 0.221875 0.5234375 0.225 0.525 0.2234375 0.53125 0.2140625 0.54375 0.2125 0.5515625 0.2109375 0.58125 0.2125 0.59375 0.2171875 0.6015625 0.2171875 0.615625 0.2109375 0.6203125 0.1984375 0.6515625
3 0.5046875 0.3453125 0.5125 0.3515625 0.5140625 0.35625 0.5140625 0.375 0.5109375 0.3859375 0.5140625 0.3890625 0.515625 0.409375 0.51875 0.41875 0.5171875 0.4640625 0.5125 0.4890625 0.5125 0.546875 0.5109375 0.5546875 0.5078125 0.5578125 0.5015625 0.5578125 0.496875 0.565625 0.4859375 0.5703125 0.484375 0.5703125 0.484375 0.5609375 0.4921875 0.55 0.4859375 0.4953125 0.4859375 0.4515625 0.4828125 0.4484375 0.4765625 0.45 0.4734375 0.446875 0.48125 0.4375 0.484375 0.4171875 0.484375 0.396875 0.49375 0.378125 0.4953125 0.353125 0.503125 0.3453125
3 0.9984375 0.678125 0.9984375 0.8046875 0.9921875 0.81875 0.990625 0.8296875 0.9828125 0.821875 0.978125 0.8234375 0.9734375 0.821875 0.96875 0.8171875 0.965625 0.809375 0.9546875 0.8046875 0.95625 0.79375 0.9671875 0.771875 0.96875 0.740625 0.9734375 0.7359375 0.975 0.715625 0.98125 0.7015625 0.990625 0.6953125 0.9953125 0.6890625 0.9984375 0.6796875
3 0.9359375 0.8203125 0.9421875 0.8328125 0.9421875 0.8515625 0.9375 0.8671875 0.940625 0.8921875 0.9359375 0.909375 0.9359375 0.91875 0.934375 0.9234375 0.9234375 0.934375 0.9203125 0.946875 0.9203125 0.9578125 0.9078125 0.9828125 0.909375 0.9921875 0.9 0.9984375 0.8703125 0.9984375 0.865625 0.9875 0.865625 0.9765625 0.871875 0.9703125 0.871875 0.965625 0.86875 0.9640625 0.865625 0.95625 0.8671875 0.9484375 0.859375 0.9453125 0.8578125 0.940625 0.859375 0.934375 0.86875 0.925 0.8765625 0.8953125 0.8875 0.878125 0.8875 0.8640625 0.890625 0.85625 0.9078125 0.840625 0.9171875 0.8390625 0.91875 0.8265625 0.9234375 0.821875 0.934375 0.8203125
3 0.475 0.246875 0.478125 0.253125 0.4796875 0.2671875 0.475 0.2765625 0.4671875 0.284375 0.4671875 0.3015625 0.4578125 0.3078125 0.45625 0.315625 0.453125 0.31875 0.453125 0.29375 0.45 0.2890625 0.4453125 0.2890625 0.4453125 0.2875 0.453125 0.278125 0.459375 0.2546875 0.4640625 0.253125 0.465625 0.2484375 0.4734375 0.246875