1 0.490625 0.5796875 0.4921875 0.5828125 0.4828125 0.603125 0.4765625 0.6328125 0.4734375 0.6359375 0.46875 0.6359375 0.4625 0.6296875 0.459375 0.621875 0.459375 0.603125 0.4625 0.5921875 0.46875 0.58125 0.4703125 0.58125 0.471875 0.5953125 0.4765625 0.603125 0.4796875 0.603125 0.484375 0.5984375 0.484375 0.5921875 0.490625 0.58125
1 0.5015625 0.2921875 0.50625 0.2953125 0.5140625 0.3140625 0.5140625 0.346875 0.5078125 0.353125 0.5015625 0.35 0.5 0.34375 0.5015625 0.29375
2 0.48125 0.61875 0.4875 0.6171875 0.4859375 0.6265625 0.48125 0.628125 0.4796875 0.625 0.48125 0.6203125
2 0.4828125 0.325 0.4859375 0.33125 0.4828125 0.3390625 0.478125 0.334375 0.478125 0.3265625 0.48125 0.325
2 0.17578125 0.7984375 0.00859375 0.028125
2 0.1875 0.6484375 0.1921875 0.6484375 0.1890625 0.659375 0.1859375 0.6578125 0.1875 0.65
3 0.20625 0.9140625 0.2171875 0.9125 0.228125 0.9203125 0.2359375 0.9390625 0.2484375 0.9453125 0.2765625 0.98125 0.2828125 0.99375 0.2828125 0.9984375 0.2046875 0.9984375 0.203125 0.996875 0.2015625 0.9265625 0.203125 0.91875 0.20625 0.915625
3 0.48125 0.46875 0.4875 0.475 0.4921875 0.4890625 0.49375 0.496875 0.4921875 0.509375 0.4984375 0.5359375 0.4984375 0.5484375 0.5046875 0.565625 0.5046875 0.59375 0.5015625 0.6 0.4984375 0.628125 0.4953125 0.6375 0.4984375 0.6546875 0.5 0.709375 0.4984375 0.7109375 0.490625 0.7078125 0.4875 0.7125 0.490625 0.728125 0.490625 0.7390625 0.4875 0.7421875 0.4734375 0.74375 0.4671875 0.7375 0.46875 0.73125 0.478125 0.725 0.478125 0.7046875 0.4734375 0.6890625 0.4703125 0.6625 0.4734375 0.6375 0.4796875 0.628125 0.48125 0.615625 0.4796875 0.6078125 0.471875 0.5953125 0.4703125 0.5640625 0.4765625 0.53125 0.4765625 0.5171875 0.471875 0.503125 0.471875 0.4890625 0.4734375 0.4796875 0.48125 0.4703125
3 0.4875 0.25625 0.490625 0.2609375 0.4921875 0.2765625 0.4984375 0.2859375 0.4984375 0.296875 0.5015625 0.3078125 0.4984375 0.3328125 0.4984375 0.34375 0.5015625 0.3546875 0.5 0.3640625 0.5015625 0.4171875 0.4984375 0.425 0.4984375 0.459375 0.4921875 0.4640625 0.4859375 0.4640625 0.48125 0.45625 0.4734375 0.4546875 0.4703125 0.45 0.471875 0.446875 0.4796875 0.44375 0.48125 0.3421875 0.478125 0.334375 0.4796875 0.29375 0.4765625 0.2640625 0.48125 0.25625 0.4859375 0.25625
3 0.5015625 0.29375 0.5 0.2859375 0.49375 0.275 0.49375 0.259375 0.4953125 0.2578125 0.49375 0.2265625 0.5 0.2203125 0.5046875 0.2203125 0.509375 0.228125 0.5125 0.2375 0.5109375 0.246875 0.5140625 0.2546875 0.5125 0.309375 0.503125 0.29375
3 0.1546875 0.4984375 0.159375 0.5109375 0.159375 0.53125 0.1703125 0.54375 0.1703125 0.5484375 0.175 0.553125 0.178125 0.5609375 0.178125 0.5671875 0.1859375 0.5921875 0.1859375 0.6046875 0.1921875 0.6359375 0.1921875 0.646875 0.1859375 0.6546875 0.184375 0.665625 0.1859375 0.7234375 0.190625 0.73125 0.196875 0.7515625 0.196875 0.7625 0.1921875 0.7703125 0.1921875 0.7828125 0.190625 0.775 0.1921875 0.771875 0.1875 0.7625 0.1875 0.75625 0.1734375 0.73125 0.171875 0.715625 0.1640625 0.69375 0.1625 0.684375 0.1640625 0.6625 0.1578125 0.65625 0.1546875 0.6484375 0.134375 0.6484375 0.1328125 0.634375 0.125 0.628125 0.1234375 0.6171875 0.1234375 0.6015625 0.128125 0.5671875 0.140625 0.5390625 0.14375 0.50625 0.1484375 0.4984375 0.153125 0.4984375
3 0.1609375 0.659375 0.1625 0.6625 0.1609375 0.6921875 0.16875 0.709375 0.1703125 0.725 0.1734375 0.7359375 0.1796875 0.746875 0.18125 0.7609375 0.184375 0.76875 0.1796875 0.790625 0.184375 0.7984375 0.1859375 0.8296875 0.190625 0.834375 0.2078125 0.840625 0.2125 0.8515625 0.2125 0.8703125 0.209375 0.88125 0.20625 0.8828125 0.2 0.878125 0.184375 0.89375 0.178125 0.89375 0.178125 0.8875 0.1734375 0.8765625 0.171875 0.8609375 0.1609375 0.821875 0.1578125 0.7875 0.1515625 0.78125 0.140625 0.753125 0.1421875 0.6984375 0.1390625 0.684375 0.134375 0.678125 0.13125 0.6578125 0.134375 0.6484375 0.1375 0.65 0.15 0.6484375 0.1546875 0.65 0.159375 0.659375