0 0.4984254359375 0.5747784984375001 0.5087335359375 0.5673957374999999 0.5056214984375 0.5547720109375 0.49978728281249996 0.55286654375 0.4931741109375 0.5554865609374999 0.4920075703125 0.5583447640625 0.49506283125 0.559846153125 0.4943414078125 0.56549026875 0.4984254359375 0.5747784984375001
0 0.5079553375 0.5740639484375001 0.5122339140625 0.5738257640625 0.520791825 0.5681102874999999 0.5225420140625 0.5612029656249999 0.5165760781250001 0.555086190625 0.5087335359375 0.5595356812500001 0.5075662375000001 0.5642993515625 0.5079553375 0.5740639484375001
1 0.55 0.4375 0.5515625 0.440625 0.55 0.478125 0.5546875 0.4875 0.5546875 0.553125 0.5515625 0.5578125 0.54375 0.5578125 0.5375 0.55 0.5296875 0.5453125 0.521875 0.515625 0.5234375 0.4953125 0.5296875 0.48125 0.5359375 0.48125 0.546875 0.4671875 0.55 0.4546875 0.55 0.4390625
2 0.496875 0.55625 0.5015625 0.5734375 0.4953125 0.5765625 0.490625 0.56875 0.4890625 0.5609375 0.4953125 0.5578125
2 0.4984375 0.3296875 0.5015625 0.33125 0.5015625 0.3453125 0.4953125 0.34375 0.49375 0.340625 0.4953125 0.33125 0.496875 0.33125
2 0.5309553375 0.45032900781249996 0.528361846875 0.45159962968749995 0.526286903125 0.45413994375 0.5261143078125 0.4583744203125 0.52749735 0.4609156625 0.5322785765625 0.45538554218750005 0.5309553375 0.4518109359375 0.5309553375 0.45032900781249996
3 0.5328125 0.2734375 0.5390625 0.2734375 0.5421875 0.278125 0.54375 0.2953125 0.5546875 0.3265625 0.553125 0.3328125 0.5484375 0.3296875 0.546875 0.3078125 0.54375 0.3015625 0.5375 0.3 0.5328125 0.30625 0.53125 0.3265625 0.5265625 0.340625 0.5265625 0.3546875 0.5296875 0.36875 0.5234375 0.378125 0.5234375 0.3953125 0.521875 0.396875 0.5234375 0.4328125 0.51875 0.4390625 0.521875 0.4109375 0.521875 0.38125 0.525 0.3734375 0.525 0.3578125 0.5265625 0.35625 0.5265625 0.3484375 0.521875 0.34375 0.5203125 0.33125 0.525 0.3046875 0.5296875 0.2984375 0.5296875 0.284375 0.5328125 0.275
3 0.534375 0.296875 0.5359375 0.2984375 0.540625 0.296875 0.5453125 0.303125 0.546875 0.3203125 0.553125 0.3375 0.5546875 0.3515625 0.5515625 0.384375 0.5453125 0.396875 0.546875 0.428125 0.5375 0.434375 0.534375 0.4484375 0.5265625 0.4546875 0.5265625 0.471875 0.528125 0.4734375 0.5265625 0.4828125 0.521875 0.484375 0.5171875 0.45625 0.521875 0.4359375 0.5203125 0.39375 0.521875 0.3796875 0.525 0.3734375 0.525 0.3390625 0.53125 0.3296875 0.5328125 0.3109375 0.5296875 0.3015625 0.5328125 0.2984375
3 0.284375 0.240625 0.2875 0.2484375 0.2875 0.259375 0.2953125 0.275 0.2953125 0.2828125 0.290625 0.3 0.2796875 0.3 0.271875 0.3046875 0.2703125 0.303125 0.2703125 0.2875 0.278125 0.26875 0.278125 0.2609375 0.271875 0.2546875 0.271875 0.2484375 0.278125 0.240625 0.2828125 0.240625
3 0.5015625 0.2203125 0.50625 0.2234375 0.5078125 0.246875 0.5171875 0.265625 0.5171875 0.315625 0.5125 0.3421875 0.5125 0.3890625 0.509375 0.4046875 0.5109375 0.4203125 0.509375 0.421875 0.496875 0.4140625 0.49375 0.4203125 0.490625 0.421875 0.4828125 0.4203125 0.478125 0.4140625 0.4796875 0.4078125 0.4890625 0.4015625 0.4890625 0.3578125 0.490625 0.3421875 0.4953125 0.3328125 0.4953125 0.309375 0.4984375 0.290625 0.496875 0.271875 0.5 0.259375 0.5 0.25 0.496875 0.2453125 0.4953125 0.23125 0.496875 0.2234375 0.5 0.221875
3 0.4953125 0.2171875 0.496875 0.221875 0.49375 0.2390625 0.4984375 0.2515625 0.4984375 0.2609375 0.4953125 0.271875 0.49375 0.334375 0.4890625 0.34375 0.4875 0.3828125 0.48125 0.3890625 0.475 0.3875 0.475 0.3828125 0.48125 0.3734375 0.48125 0.34375 0.478125 0.31875 0.478125 0.2921875 0.48125 0.275 0.478125 0.265625 0.4796875 0.2640625 0.4796875 0.2453125 0.484375 0.2390625 0.4859375 0.2234375 0.490625 0.215625 0.49375 0.2171875
3 0.55 0.3875 0.553125 0.3859375 0.5609375 0.3875 0.5640625 0.3921875 0.5671875 0.4046875 0.5671875 0.41875 0.571875 0.4328125 0.571875 0.4484375 0.565625 0.496875 0.5671875 0.5484375 0.565625 0.55 0.565625 0.5890625 0.5625 0.6109375 0.5625 0.65 0.5609375 0.653125 0.5578125 0.6515625 0.553125 0.64375 0.5515625 0.6375 0.55625 0.6296875 0.55625 0.6109375 0.55 0.603125 0.5453125 0.5890625 0.5421875 0.5859375 0.5375 0.590625 0.534375 0.6171875 0.53125 0.6171875 0.521875 0.609375 0.521875 0.6 0.528125 0.596875 0.53125 0.5875 0.5328125 0.56875 0.5296875 0.5515625 0.5359375 0.55 0.5453125 0.559375 0.55 0.559375 0.55625 0.55 0.55625 0.490625 0.55 0.4703125 0.546875 0.4671875 0.5375 0.4796875 0.5328125 0.4796875 0.528125 0.4671875 0.528125 0.45625 0.5359375 0.4484375 0.5390625 0.434375 0.55 0.4296875 0.546875 0.41875 0.546875 0.3984375 0.55 0.3890625
3 0.5109375 0.4546875 0.515625 0.4625 0.515625 0.478125 0.521875 0.525 0.521875 0.5515625 0.5140625 0.5546875 0.509375 0.5609375 0.5109375 0.5859375 0.515625 0.5953125 0.515625 0.6234375 0.5125 0.634375 0.5109375 0.6671875 0.5078125 0.6765625 0.509375 0.6984375 0.50625 0.7046875 0.5015625 0.7046875 0.49375 0.68125 0.4890625 0.6765625 0.484375 0.68125 0.48125 0.6796875 0.478125 0.671875 0.4796875 0.653125 0.478125 0.6515625 0.4765625 0.603125 0.48125 0.5546875 0.4734375 0.5390625 0.4734375 0.5296875 0.4796875 0.5 0.49375 0.4828125 0.4984375 0.4625 0.5046875 0.4546875 0.509375 0.4546875