0 0.4252335109375 0.6874967375 0.4349734640625 0.6966803359375 0.4414662625 0.685101584375 0.454452615625 0.681109040625 0.458023503125 0.6783140734375 0.42945413125 0.6511640265625 0.4246489765625 0.658094128125 0.42977862031249997 0.66873159375 0.42620773281249996 0.6735228328125 0.4252335109375 0.6874967375
2 0.5703125 0.90625 0.5796875 0.9078125 0.5890625 0.921875 0.5890625 0.934375 0.5828125 0.94375 0.575 0.9390625 0.5703125 0.9390625 0.5671875 0.9359375 0.5671875 0.91875 0.5703125 0.9078125
2 0.53046875 0.37734375 0.01015625 0.01953125
2 0.5182122828125 0.2795591796875 0.5171395000000001 0.2776738125 0.5089871109375 0.27964958125 0.50963078125 0.289735321875 0.5166800609375 0.28728518125 0.518365428125 0.28295060625 0.5182122828125 0.2795591796875
2 0.42274677812499994 0.6855414718749999 0.4251978765625 0.681395153125 0.42535178125 0.6719729734375 0.427649734375 0.670654240625 0.428416225 0.6678266546875 0.42780288125 0.6646234859375 0.4247384375 0.6599123953125 0.42014177343750003 0.6633038203125 0.41888476093750004 0.666630940625 0.4169234265625 0.670654240625 0.41646398749999997 0.690630009375 0.4199878703125 0.692890959375 0.42274677812499994 0.6855414718749999
3 0.534375 0.2546875 0.5375 0.2640625 0.5375 0.278125 0.534375 0.284375 0.534375 0.2953125 0.5375 0.3015625 0.5375 0.36875 0.53125 0.3921875 0.5296875 0.4515625 0.525 0.45625 0.515625 0.45625 0.5140625 0.453125 0.5140625 0.40625 0.5171875 0.3921875 0.5171875 0.36875 0.5125 0.3546875 0.5125 0.3328125 0.5140625 0.33125 0.515625 0.29375 0.521875 0.278125 0.5234375 0.259375 0.528125 0.2546875 0.5328125 0.2546875
3 0.5046875 0.1859375 0.509375 0.1890625 0.5109375 0.19375 0.5125 0.21875 0.50625 0.2140625 0.5015625 0.215625 0.490625 0.2375 0.4890625 0.234375 0.490625 0.228125 0.496875 0.2140625 0.4984375 0.190625 0.503125 0.1859375
3 0.4703125 0.2859375 0.475 0.2890625 0.4765625 0.29375 0.475 0.3140625 0.48125 0.31875 0.4859375 0.3265625 0.490625 0.3484375 0.4859375 0.359375 0.484375 0.4015625 0.4796875 0.409375 0.4796875 0.45625 0.4765625 0.4609375 0.471875 0.459375 0.4734375 0.4515625 0.471875 0.428125 0.4703125 0.4265625 0.46875 0.428125 0.46875 0.484375 0.4671875 0.4859375 0.4625 0.484375 0.4640625 0.4625 0.4609375 0.4421875 0.4609375 0.4234375 0.453125 0.415625 0.4515625 0.4109375 0.453125 0.36875 0.4484375 0.3625 0.4515625 0.334375 0.45625 0.321875 0.4640625 0.315625 0.4625 0.2953125 0.4640625 0.290625 0.46875 0.2875
3 0.5703125 0.90625 0.58125 0.9109375 0.58125 0.9140625 0.5859375 0.91875 0.590625 0.9359375 0.6140625 0.93125 0.6171875 0.928125 0.615625 0.915625 0.6171875 0.88125 0.6203125 0.8734375 0.6265625 0.8671875 0.63125 0.8640625 0.6359375 0.8640625 0.64375 0.8734375 0.646875 0.88125 0.646875 0.9 0.640625 0.928125 0.6515625 0.9359375 0.665625 0.95625 0.6765625 0.9828125 0.675 0.99375 0.6703125 0.9984375 0.6296875 0.9984375 0.628125 0.996875 0.559375 0.9984375 0.5609375 0.9703125 0.56875 0.940625 0.5671875 0.9171875 0.5703125 0.9078125
3 0.4578125 0.684375 0.4640625 0.7 0.4640625 0.715625 0.4578125 0.746875 0.4609375 0.7578125 0.459375 0.7625 0.4671875 0.7765625 0.46875 0.7953125 0.471875 0.8015625 0.478125 0.8046875 0.484375 0.7984375 0.4875 0.8078125 0.4859375 0.809375 0.4859375 0.8265625 0.48125 0.84375 0.4734375 0.8546875 0.471875 0.8609375 0.4640625 0.86875 0.4609375 0.878125 0.4609375 0.903125 0.45625 0.91875 0.4546875 0.959375 0.4625 0.9640625 0.4640625 0.9765625 0.45 0.9953125 0.4421875 0.9953125 0.440625 0.9921875 0.4421875 0.9109375 0.4359375 0.90625 0.4328125 0.9125 0.428125 0.9609375 0.421875 0.9625 0.41875 0.9546875 0.4203125 0.9015625 0.4234375 0.89375 0.4234375 0.884375 0.4203125 0.86875 0.4109375 0.8578125 0.409375 0.8515625 0.4109375 0.8484375 0.4125 0.784375 0.409375 0.7640625 0.4 0.7484375 0.4 0.7328125 0.40625 0.715625 0.4078125 0.7046875 0.4109375 0.7015625 0.4109375 0.6953125 0.415625 0.6921875 0.421875 0.6953125 0.415625 0.71875 0.415625 0.7296875 0.421875 0.7328125 0.43125 0.725 0.4359375 0.6984375 0.4421875 0.6859375 0.453125 0.6828125 0.45625 0.684375
3 0.515625 0.2796875 0.5171875 0.2828125 0.5109375 0.29375 0.509375 0.3109375 0.5046875 0.3265625 0.503125 0.353125 0.5 0.3671875 0.5 0.3734375 0.503125 0.3765625 0.5015625 0.378125 0.5015625 0.3921875 0.5046875 0.3953125 0.503125 0.4015625 0.4921875 0.4015625 0.4890625 0.396875 0.490625 0.328125 0.4875 0.3203125 0.4875 0.2546875 0.49375 0.2296875 0.5 0.2171875 0.503125 0.2140625 0.5078125 0.2140625 0.5109375 0.2203125 0.5109375 0.2296875 0.5046875 0.2421875 0.5140625 0.2796875