0 0.44110418281249997 0.4484490734375 0.4360136875 0.45030833281250005 0.426850190625 0.459296296875 0.43270494218750005 0.4769611109375 0.4367771859375 0.46797407343749997 0.4449224328125 0.4645648140625 0.44110418281249997 0.4484490734375
1 0.48125 0.403125 0.484375 0.40625 0.4859375 0.4140625 0.49375 0.4234375 0.5015625 0.44375 0.5015625 0.45625 0.4984375 0.4625 0.49375 0.4609375 0.490625 0.45 0.4875 0.446875 0.4890625 0.4328125 0.4828125 0.41875 0.48125 0.4046875
1 0.478125 0.4546875 0.4828125 0.4703125 0.4921875 0.475 0.4953125 0.48125 0.4984375 0.5171875 0.49375 0.5234375 0.4875 0.525 0.484375 0.5234375 0.4859375 0.521875 0.4859375 0.490625 0.478125 0.484375 0.4765625 0.475 0.471875 0.465625 0.471875 0.4546875 0.4734375 0.453125 0.4765625 0.4546875
1 0.96875 0.746875 0.03359375 0.09453125
1 0.45 0.459375 0.459375 0.459375 0.4640625 0.4640625 0.475 0.4640625 0.475 0.4671875 0.4875 0.478125 0.4859375 0.5171875 0.48125 0.528125 0.48125 0.5359375 0.4765625 0.5453125 0.4734375 0.546875 0.46875 0.5453125 0.4609375 0.534375 0.446875 0.5234375 0.4453125 0.51875 0.446875 0.4796875 0.45 0.4609375
1 0.9 0.9078125 0.9046875 0.9046875 0.909375 0.8953125 0.9078125 0.8890625 0.9109375 0.8859375 0.915625 0.8890625 0.9171875 0.89375 0.9171875 0.9015625 0.9109375 0.9125 0.903125 0.9375 0.9 0.965625 0.89375 0.975 0.8859375 0.996875 0.871875 0.9984375 0.86875 0.9953125 0.86875 0.9765625 0.8703125 0.975 0.86875 0.9546875 0.8765625 0.946875 0.88125 0.9375 0.8890625 0.93125 0.9 0.909375
2 0.9859375 0.85078125 0.0109375 0.02109375
3 0.45625 0.1171875 0.459375 0.121875 0.459375 0.2390625 0.4625 0.2484375 0.45625 0.2484375 0.45 0.2421875 0.45 0.21875 0.4484375 0.2171875 0.45 0.175 0.4484375 0.1734375 0.446875 0.1375 0.45 0.121875 0.4546875 0.1171875
3 0.478125 0.4 0.484375 0.425 0.4875 0.4296875 0.4875 0.4390625 0.490625 0.4421875 0.490625 0.4515625 0.49375 0.459375 0.49375 0.471875 0.490625 0.4796875 0.4828125 0.4703125 0.4796875 0.4640625 0.4796875 0.4578125 0.4734375 0.453125 0.4703125 0.4609375 0.4640625 0.4609375 0.4578125 0.45625 0.45 0.45625 0.4421875 0.4625 0.440625 0.459375 0.440625 0.4546875 0.453125 0.4328125 0.4515625 0.4015625 0.4484375 0.3890625 0.4484375 0.375 0.4515625 0.36875 0.4578125 0.3625 0.4640625 0.3640625 0.465625 0.3890625 0.4765625 0.4
3 0.9953125 0.6890625 0.9984375 0.6890625 0.9984375 0.7171875 0.996875 0.71875 0.9984375 0.725 0.9984375 0.7953125 0.9875 0.8171875 0.9859375 0.8265625 0.9828125 0.8296875 0.978125 0.8609375 0.9734375 0.8671875 0.9671875 0.865625 0.9484375 0.8484375 0.9421875 0.846875 0.9390625 0.840625 0.953125 0.809375 0.9765625 0.78125 0.9796875 0.771875 0.9796875 0.759375 0.9859375 0.728125 0.984375 0.70625 0.9921875 0.6921875 0.9953125 0.690625
3 0.9984375 0.796875 0.9984375 0.921875 0.9953125 0.934375 0.9953125 0.959375 0.9921875 0.965625 0.990625 0.9671875 0.984375 0.965625 0.975 0.95625 0.975 0.95 0.9859375 0.9390625 0.990625 0.928125 0.9921875 0.8953125 0.99375 0.89375 0.9921875 0.884375 0.9859375 0.878125 0.9828125 0.878125 0.9515625 0.9203125 0.9484375 0.9203125 0.946875 0.9171875 0.94375 0.903125 0.94375 0.890625 0.9546875 0.8921875 0.9671875 0.8828125 0.9796875 0.8578125 0.9796875 0.85 0.9859375 0.8359375 0.9875 0.8234375 0.9984375 0.7984375
3 0.8359375 0.9953125 0.840625 0.990625 0.84375 0.9734375 0.85625 0.9421875 0.8578125 0.928125 0.8625 0.915625 0.8640625 0.8890625 0.8734375 0.8609375 0.8765625 0.8421875 0.8859375 0.8265625 0.8890625 0.8125 0.896875 0.7984375 0.903125 0.778125 0.9125 0.771875 0.9171875 0.7765625 0.921875 0.7890625 0.921875 0.8015625 0.9109375 0.83125 0.9109375 0.8421875 0.9140625 0.8484375 0.9140625 0.86875 0.9078125 0.9015625 0.8921875 0.93125 0.8859375 0.9375 0.878125 0.940625 0.8671875 0.953125 0.865625 0.9578125 0.865625 0.9625 0.86875 0.9671875 0.8671875 0.9859375 0.8546875 0.996875 0.85 0.9984375 0.8375 0.996875