0 0.6050832703125 0.96181835 0.6101400453125 0.9432391109375 0.6042846328125 0.9393271546875 0.5923065859375 0.9324819281250001 0.5867176374999999 0.931215940625 0.5843217265625 0.9481278968750001 0.589644965625 0.953670065625 0.6050832703125 0.96181835
0 0.5872498109375 0.9917618171875 0.6098743375 0.9920880437499999 0.6106729750000001 0.9790491203125 0.6069462531250001 0.9754633921875 0.6106729750000001 0.9634031515625001 0.6016230124999999 0.96568489375 0.5960333078125 0.9663364218750001 0.5931052234374999 0.9617738640625 0.585299015625 0.9624847078125001 0.5872498109375 0.9917618171875
1 0.54375 0.3421875 0.5546875 0.340625 0.5578125 0.35625 0.553125 0.384375 0.546875 0.39375 0.54375 0.3921875 0.5390625 0.3859375 0.54375 0.34375
1 0.4890625 0.3578125 0.490625 0.3578125 0.490625 0.375 0.4890625 0.3765625 0.490625 0.4140625 0.4875 0.4203125 0.4859375 0.4546875 0.48125 0.4625 0.4765625 0.4640625 0.471875 0.453125 0.471875 0.4328125 0.478125 0.40625 0.484375 0.39375 0.4890625 0.359375
2 0.575 0.9234375 0.58125 0.9203125 0.590625 0.928125 0.590625 0.93125 0.584375 0.9359375 0.584375 0.9484375 0.5890625 0.953125 0.584375 0.9546875 0.5796875 0.9515625 0.578125 0.946875 0.575 0.925
2 0.6140625 0.9578125 0.01640625 0.02109375
2 0.4625 0.2921875 0.465625 0.303125 0.4640625 0.3109375 0.459375 0.30625 0.4609375 0.29375
2 0.48200075625 0.314582946875 0.4830688875 0.3230139015625 0.48735881875000003 0.3207479140625 0.487223315625 0.31531047343749996 0.48900378437500003 0.30455421718750003 0.489478425 0.30237349375 0.488053746875 0.300920296875 0.486748675 0.3032455984375 0.4855616953125 0.3044087125 0.4830688875 0.3000481921875 0.4802202875 0.29932159375 0.48200075625 0.314582946875
3 0.5234375 0.29375 0.525 0.275 0.528125 0.271875 0.5328125 0.271875 0.5359375 0.275 0.5390625 0.2953125 0.5515625 0.3109375 0.553125 0.3296875 0.5578125 0.3453125 0.5578125 0.3515625 0.5546875 0.3578125 0.5546875 0.3734375 0.55 0.38125 0.546875 0.38125 0.546875 0.375 0.54375 0.36875 0.546875 0.3703125 0.5515625 0.3625 0.5453125 0.359375 0.54375 0.3640625 0.54375 0.3421875 0.5375 0.3234375 0.5375 0.3015625 0.5359375 0.296875 0.5296875 0.290625 0.5234375 0.2953125
3 0.490625 0.303125 0.49375 0.3078125 0.49375 0.3140625 0.496875 0.3171875 0.5 0.315625 0.5046875 0.3171875 0.5078125 0.321875 0.509375 0.3453125 0.5140625 0.3625 0.5109375 0.384375 0.5109375 0.4453125 0.5078125 0.45625 0.5078125 0.4953125 0.5015625 0.5140625 0.5015625 0.5390625 0.496875 0.55 0.490625 0.5484375 0.484375 0.540625 0.490625 0.53125 0.490625 0.5140625 0.48125 0.49375 0.478125 0.465625 0.484375 0.459375 0.4875 0.45 0.4875 0.4296875 0.4921875 0.4078125 0.4875 0.390625 0.484375 0.3921875 0.48125 0.4 0.478125 0.403125 0.4765625 0.4015625 0.475 0.384375 0.48125 0.3703125 0.48125 0.3609375 0.490625 0.3515625 0.490625 0.34375 0.4859375 0.334375 0.4859375 0.325 0.490625 0.3140625 0.490625 0.3046875
3 0.4609375 0.303125 0.4640625 0.271875 0.4625 0.2703125 0.4625 0.24375 0.46875 0.23125 0.46875 0.2171875 0.471875 0.2125 0.4765625 0.2125 0.4796875 0.2296875 0.490625 0.24375 0.4953125 0.271875 0.4953125 0.2859375 0.4921875 0.284375 0.490625 0.278125 0.484375 0.275 0.475 0.29375 0.4671875 0.2984375 0.4640625 0.30625 0.4625 0.3046875
3 0.5296875 0.290625 0.5359375 0.3 0.5359375 0.3234375 0.540625 0.334375 0.5421875 0.3453125 0.5421875 0.3609375 0.5375 0.3765625 0.5375 0.3828125 0.54375 0.39375 0.54375 0.403125 0.540625 0.40625 0.5390625 0.421875 0.540625 0.45625 0.54375 0.4703125 0.5421875 0.49375 0.5390625 0.49375 0.5375 0.490625 0.5375 0.484375 0.5296875 0.465625 0.5296875 0.4328125 0.5265625 0.4234375 0.5234375 0.4265625 0.521875 0.440625 0.5234375 0.44375 0.521875 0.4859375 0.51875 0.490625 0.515625 0.490625 0.5109375 0.4796875 0.5125 0.4125 0.5140625 0.4109375 0.5125 0.3921875 0.515625 0.375 0.515625 0.35625 0.5125 0.3453125 0.5125 0.3359375 0.521875 0.3109375 0.5234375 0.2953125 0.528125 0.290625
3 0.48125 0.103125 0.4859375 0.1109375 0.4890625 0.1375 0.484375 0.1953125 0.48125 0.196875 0.4796875 0.19375 0.475 0.15625 0.475 0.1296875 0.478125 0.1234375 0.4796875 0.1046875
3 0.603125 0.8015625 0.609375 0.80625 0.615625 0.81875 0.625 0.8546875 0.6359375 0.878125 0.6390625 0.8953125 0.6390625 0.91875 0.6328125 0.9359375 0.621875 0.953125 0.6171875 0.9953125 0.6125 0.9984375 0.6 0.9953125 0.609375 0.9921875 0.6140625 0.9859375 0.615625 0.971875 0.6046875 0.9609375 0.6078125 0.9578125 0.6109375 0.946875 0.6078125 0.940625 0.5921875 0.93125 0.5875 0.93125 0.584375 0.9359375 0.584375 0.9484375 0.5875 0.9546875 0.596875 0.959375 0.5859375 0.9625 0.5875 0.9953125 0.58125 0.9984375 0.55625 0.9984375 0.55625 0.9609375 0.5640625 0.925 0.56875 0.915625 0.56875 0.903125 0.5640625 0.8890625 0.5640625 0.8734375 0.5703125 0.85 0.575 0.8390625 0.5796875 0.8359375 0.5828125 0.8296875 0.5859375 0.8109375 0.6015625 0.8015625
3 0.4875 0.275 0.490625 0.2828125 0.49375 0.3078125 0.484375 0.3234375 0.4875 0.3515625 0.4796875 0.3609375 0.478125 0.375 0.4734375 0.3859375 0.4734375 0.3984375 0.4765625 0.4015625 0.4765625 0.4109375 0.4734375 0.4265625 0.4671875 0.440625 0.465625 0.46875 0.4640625 0.4703125 0.4546875 0.46875 0.4546875 0.4625 0.4609375 0.45625 0.459375 0.409375 0.4625 0.3953125 0.4625 0.3671875 0.4640625 0.365625 0.4640625 0.315625 0.46875 0.2984375 0.4765625 0.29375 0.48125 0.278125 0.4859375 0.2765625