0 0.1668059140625 0.7014603921875 0.1621417734375 0.69198415625 0.1584920390625 0.6922339234375 0.1562615625 0.69198415625 0.1494071265625 0.699996271875 0.1538279 0.7204137937499999 0.1591000765625 0.719915190625 0.1668059140625 0.7136803359375 0.1668059140625 0.7014603921875
0 0.5059234265625 0.5966150984375 0.5070917359375 0.576727865625 0.4895579984375 0.5779897484375 0.4872198640625 0.6030838765625 0.49228506406249994 0.598052190625 0.5010523124999999 0.5966150984375 0.5059234265625 0.5966150984375
0 0.49111675468750005 0.6217726 0.49150568593750005 0.6208145390625 0.49501288906249996 0.6193765140624999 0.49793555781250004 0.6198564765625 0.501636846875 0.6256067109375001 0.5035852921874999 0.6270438031250001 0.5115731609374999 0.621533084375 0.5107937828125 0.6073970171874999 0.5035852921874999 0.5985321531250001 0.49481804374999994 0.597812675 0.48858377500000005 0.600687790625 0.48819408593749997 0.606678471875 0.48838893125 0.618418453125 0.48877862031249997 0.6241686859375 0.49111675468750005 0.6217726
1 0.4765625 0.43671875 0.02421875 0.06171875
1 0.5296875 0.5453125 0.5375 0.55 0.54375 0.559375 0.546875 0.559375 0.55 0.5546875 0.5578125 0.5546875 0.5640625 0.559375 0.565625 0.5640625 0.5640625 0.58125 0.5609375 0.5890625 0.5609375 0.64375 0.5578125 0.65625 0.55 0.6640625 0.546875 0.6640625 0.540625 0.6546875 0.540625 0.6375 0.54375 0.6296875 0.5453125 0.5984375 0.55 0.58125 0.546875 0.5734375 0.5328125 0.5609375 0.5265625 0.559375 0.5234375 0.5609375 0.5203125 0.5640625 0.51875 0.571875 0.5171875 0.56875 0.51875 0.55625 0.521875 0.55 0.528125 0.5453125
1 0.48984375 0.3796875 0.0296875 0.05
1 0.1375 0.684375 0.1328125 0.6796875 0.1328125 0.6765625 0.140625 0.659375 0.14375 0.6265625 0.1484375 0.6140625 0.1515625 0.6109375 0.1515625 0.6171875 0.146875 0.640625 0.146875 0.653125 0.1390625 0.6828125
2 0.453125 0.2609375 0.453125 0.2546875 0.45625 0.2484375 0.4578125 0.2484375 0.4578125 0.253125 0.45625 0.2609375 0.4546875 0.2609375
2 0.16875 0.678125 0.165625 0.696875 0.1578125 0.69375 0.1515625 0.696875 0.15 0.6921875 0.15625 0.6890625 0.1671875 0.678125
2 0.4734375 0.5640625 0.478125 0.5640625 0.48125 0.56875 0.4796875 0.575 0.471875 0.578125 0.4734375 0.565625
2 0.1390625 0.6890625 0.153125 0.6921875 0.15 0.703125 0.1515625 0.7125 0.1484375 0.7125 0.14375 0.7078125 0.140625 0.7078125 0.1375 0.696875 0.1390625 0.690625
2 0.475 0.3890625 0.4765625 0.3984375 0.48125 0.4046875 0.478125 0.4109375 0.475 0.4109375 0.471875 0.4046875 0.4734375 0.390625
3 0.4796875 0.478125 0.4828125 0.4765625 0.49375 0.478125 0.4953125 0.49375 0.4921875 0.50625 0.4953125 0.5171875 0.503125 0.5328125 0.515625 0.5484375 0.515625 0.5625 0.5125 0.5765625 0.5078125 0.58125 0.490625 0.5796875 0.4859375 0.596875 0.4859375 0.6171875 0.4890625 0.621875 0.5015625 0.6234375 0.503125 0.634375 0.5078125 0.6453125 0.509375 0.7109375 0.5015625 0.7203125 0.5015625 0.728125 0.4953125 0.7421875 0.4921875 0.7453125 0.4875 0.7453125 0.4859375 0.7421875 0.490625 0.721875 0.4890625 0.6890625 0.49375 0.659375 0.49375 0.6515625 0.490625 0.646875 0.4859375 0.6515625 0.48125 0.6734375 0.48125 0.721875 0.478125 0.7265625 0.4734375 0.7265625 0.4640625 0.73125 0.4578125 0.7296875 0.45625 0.7203125 0.46875 0.7078125 0.46875 0.6609375 0.4734375 0.640625 0.4734375 0.63125 0.48125 0.60625 0.4796875 0.5921875 0.475 0.5859375 0.471875 0.571875 0.471875 0.540625 0.4734375 0.5390625 0.471875 0.5140625 0.475 0.50625 0.475 0.4875 0.4796875 0.4796875
3 0.5046875 0.4828125 0.5125 0.4828125 0.515625 0.4859375 0.5203125 0.496875 0.5234375 0.5140625 0.5296875 0.5171875 0.540625 0.53125 0.546875 0.55 0.546875 0.5578125 0.5421875 0.565625 0.546875 0.5734375 0.546875 0.590625 0.54375 0.6046875 0.5421875 0.63125 0.5390625 0.6390625 0.5390625 0.65 0.540625 0.6578125 0.5453125 0.6640625 0.5453125 0.671875 0.540625 0.6890625 0.5375 0.7640625 0.5328125 0.7984375 0.5234375 0.8 0.5203125 0.80625 0.515625 0.809375 0.5015625 0.8109375 0.4953125 0.8078125 0.49375 0.7984375 0.509375 0.7875 0.5109375 0.778125 0.5109375 0.7234375 0.515625 0.6734375 0.5140625 0.65625 0.5046875 0.6296875 0.5109375 0.6203125 0.5078125 0.6078125 0.5078125 0.5921875 0.5171875 0.5671875 0.51875 0.5515625 0.5171875 0.54375 0.5078125 0.5375 0.5046875 0.5328125 0.4953125 0.50625 0.4953125 0.496875 0.5 0.4875 0.5046875 0.484375
3 0.4578125 0.1859375 0.4625 0.19375 0.4703125 0.2 0.4734375 0.2140625 0.465625 0.2265625 0.4640625 0.2484375 0.4625 0.2515625 0.4609375 0.25 0.4578125 0.253125 0.45625 0.259375 0.453125 0.259375 0.453125 0.2546875 0.459375 0.234375 0.459375 0.209375 0.45625 0.2046875 0.45 0.2015625 0.45 0.1875 0.453125 0.184375 0.45625 0.1859375
3 0.5375 0.215625 0.540625 0.2375 0.5515625 0.2484375 0.553125 0.2765625 0.546875 0.2828125 0.5453125 0.3140625 0.5328125 0.325 0.534375 0.34375 0.540625 0.3640625 0.5390625 0.3953125 0.5359375 0.403125 0.5328125 0.403125 0.53125 0.35 0.5296875 0.3484375 0.5265625 0.359375 0.525 0.3984375 0.521875 0.4015625 0.5125 0.39375 0.5125 0.3828125 0.5171875 0.36875 0.5171875 0.2796875 0.5140625 0.275 0.5140625 0.2609375 0.5203125 0.2453125 0.5296875 0.234375 0.5296875 0.2171875 0.5328125 0.2140625 0.5359375 0.215625
3 0.1359375 0.5671875 0.14375 0.575 0.15 0.596875 0.159375 0.603125 0.165625 0.6109375 0.171875 0.6296875 0.175 0.6484375 0.1734375 0.6875 0.1890625 0.74375 0.1953125 0.7859375 0.19375 0.8125 0.2 0.8234375 0.203125 0.8359375 0.2 0.84375 0.19375 0.840625 0.1890625 0.8296875 0.1875 0.8171875 0.1796875 0.8046875 0.1765625 0.8109375 0.178125 0.8125 0.178125 0.8421875 0.175 0.8421875 0.1703125 0.834375 0.16875 0.8109375 0.1578125 0.7921875 0.1546875 0.765625 0.1421875 0.73125 0.1390625 0.7015625 0.1265625 0.6921875 0.121875 0.68125 0.11875 0.6671875 0.11875 0.6359375 0.121875 0.621875 0.1296875 0.609375 0.1265625 0.578125 0.1296875 0.56875 0.134375 0.5671875
3 0.478125 0.40625 0.4734375 0.3984375 0.4734375 0.3828125 0.478125 0.3671875 0.478125 0.35 0.48125 0.334375 0.48125 0.3234375 0.475 0.3109375 0.4765625 0.29375 0.48125 0.2890625 0.4859375 0.2890625 0.4890625 0.29375 0.4921875 0.31875 0.496875 0.3328125 0.496875 0.3484375 0.4921875 0.3671875 0.4765625 0.390625 0.4765625 0.396875 0.48125 0.403125 0.490625 0.403125 0.490625 0.4203125 0.496875 0.45 0.4953125 0.4515625 0.496875 0.4734375 0.4953125 0.4765625 0.4859375 0.475 0.4828125 0.4703125 0.4828125 0.465625 0.4890625 0.4546875 0.4890625 0.434375 0.4859375 0.409375 0.4796875 0.4046875
3 0.48125 0.1984375 0.4859375 0.2 0.4875 0.21875 0.490625 0.221875 0.496875 0.240625 0.4953125 0.275 0.4921875 0.2796875 0.490625 0.290625 0.4828125 0.2875 0.475 0.29375 0.475 0.3203125 0.4703125 0.3375 0.471875 0.346875 0.4703125 0.3546875 0.465625 0.35625 0.4640625 0.353125 0.46875 0.2921875 0.465625 0.2875 0.465625 0.2765625 0.4625 0.2703125 0.4625 0.2640625 0.4671875 0.225 0.478125 0.209375 0.4796875 0.2