1 0.2171875 0.5203125 0.221875 0.5265625 0.225 0.54375 0.215625 0.55625 0.215625 0.559375 0.2015625 0.5734375 0.1921875 0.56875 0.1890625 0.559375 0.190625 0.528125 0.1921875 0.5265625 0.209375 0.5265625 0.2171875 0.521875
1 0.178125 0.5546875 0.184375 0.55625 0.1890625 0.565625 0.190625 0.5765625 0.190625 0.5953125 0.1890625 0.596875 0.1796875 0.5953125 0.1765625 0.58125 0.178125 0.55625
1 0.953125 0.721875 0.95 0.740625 0.95 0.7578125 0.9546875 0.7734375 0.9546875 0.7828125 0.946875 0.7890625 0.940625 0.7875 0.9359375 0.78125 0.934375 0.771875 0.940625 0.7453125 0.9515625 0.7234375
1 0.515625 0.271875 0.515625 0.2921875 0.5109375 0.296875 0.5015625 0.2953125 0.5 0.275 0.503125 0.271875 0.5140625 0.271875
2 0.565625 0.6875 0.5734375 0.6953125 0.5765625 0.703125 0.5765625 0.7078125 0.5703125 0.7140625 0.565625 0.7140625 0.5578125 0.7015625 0.5578125 0.6921875 0.5640625 0.6875
2 0.6125 0.65 0.615625 0.6515625 0.6203125 0.671875 0.61875 0.6828125 0.615625 0.6859375 0.6125 0.684375 0.6078125 0.6734375 0.6078125 0.65625 0.6109375 0.6515625
2 0.1875 0.525 0.1859375 0.5203125 0.1875 0.509375 0.1921875 0.509375 0.19375 0.5140625 0.19375 0.525 0.1890625 0.525
2 0.9140625 0.74375 0.9265625 0.7453125 0.9234375 0.7546875 0.915625 0.753125 0.9140625 0.7453125
2 0.9390625 0.7875 0.94375 0.790625 0.946875 0.7984375 0.9390625 0.8078125 0.9359375 0.80625 0.9328125 0.8 0.9328125 0.7921875 0.9375 0.7875
2 0.5046875 0.265625 0.5109375 0.2671875 0.5109375 0.271875 0.5046875 0.271875 0.5046875 0.2671875
2 0.5196472375 0.1986774796875 0.5202301281249999 0.20153197343749998 0.5235806203125 0.2006404078125 0.52401816875 0.19707228906250002 0.5234360328125 0.19140593125 0.52066691875 0.1911844296875 0.5195018921875 0.1933253015625 0.5196472375 0.1986774796875
2 0.49721196093750003 0.199034290625 0.497794853125 0.20046153906250003 0.498814534375 0.19814272500000002 0.5008538984375 0.19832066718750002 0.5020794859375 0.1947340125 0.499251325 0.1935041703125 0.4980862984375 0.196179796875 0.49721196093750003 0.199034290625
3 0.4640625 0.14375 0.4671875 0.14375 0.4703125 0.1484375 0.4703125 0.1625 0.475 0.1765625 0.4796875 0.1828125 0.475 0.221875 0.475 0.2421875 0.4703125 0.2640625 0.4703125 0.2734375 0.4765625 0.2796875 0.4734375 0.2828125 0.471875 0.290625 0.4625 0.2890625 0.4640625 0.2828125 0.4640625 0.21875 0.4609375 0.1953125 0.4609375 0.1671875 0.4640625 0.1609375 0.4625 0.15625 0.4640625 0.1453125
3 0.5421875 0.64375 0.54375 0.6421875 0.54375 0.6203125 0.5546875 0.575 0.565625 0.559375 0.5796875 0.553125 0.5859375 0.5296875 0.5921875 0.525 0.6 0.525 0.6078125 0.5375 0.6078125 0.5671875 0.6125 0.5765625 0.615625 0.59375 0.615625 0.6546875 0.61875 0.6671875 0.61875 0.6796875 0.615625 0.684375 0.609375 0.678125 0.60625 0.6625 0.6078125 0.6546875 0.603125 0.653125 0.5984375 0.665625 0.590625 0.6734375 0.58125 0.6796875 0.575 0.6796875 0.56875 0.6859375 0.575 0.6984375 0.5765625 0.7078125 0.5671875 0.7140625 0.5578125 0.703125 0.5546875 0.70625 0.5609375 0.74375 0.55625 0.7546875 0.5546875 0.7671875 0.546875 0.784375 0.5453125 0.828125 0.54375 0.834375 0.5390625 0.8375 0.534375 0.828125 0.5390625 0.784375 0.5359375 0.7640625 0.5359375 0.7140625 0.5375 0.7125 0.5375 0.69375 0.540625 0.6875 0.540625 0.6671875 0.5453125 0.6625 0.54375 0.6453125
3 0.5078125 0.203125 0.5125 0.2109375 0.5109375 0.2265625 0.51875 0.2375 0.51875 0.25 0.5109375 0.3078125 0.5109375 0.3453125 0.509375 0.3515625 0.50625 0.35 0.503125 0.353125 0.5015625 0.3640625 0.4984375 0.3640625 0.4953125 0.2703125 0.4921875 0.253125 0.4953125 0.234375 0.5 0.225 0.5 0.2109375 0.5015625 0.20625 0.50625 0.203125
3 0.45625 0.1390625 0.4609375 0.14375 0.459375 0.184375 0.4625 0.209375 0.4625 0.2703125 0.45625 0.271875 0.4484375 0.2703125 0.4453125 0.265625 0.4515625 0.140625 0.4546875 0.1390625
3 0.2015625 0.4796875 0.20625 0.484375 0.2140625 0.5015625 0.2171875 0.521875 0.2125 0.5265625 0.1921875 0.528125 0.1890625 0.534375 0.1875 0.55 0.190625 0.5640625 0.196875 0.571875 0.203125 0.571875 0.2140625 0.5609375 0.21875 0.56875 0.2203125 0.6453125 0.215625 0.6796875 0.2109375 0.6890625 0.20625 0.6875 0.20625 0.6734375 0.209375 0.6640625 0.2078125 0.6390625 0.2046875 0.6296875 0.1953125 0.61875 0.1953125 0.6109375 0.190625 0.5984375 0.1921875 0.58125 0.1890625 0.5640625 0.1859375 0.559375 0.1796875 0.5578125 0.1828125 0.540625 0.1828125 0.525 0.1765625 0.5015625 0.1734375 0.4765625 0.175 0.4484375 0.1796875 0.440625 0.1875 0.4375 0.190625 0.440625 0.1953125 0.4703125 0.2 0.4796875
3 0.109375 0.75 0.1125 0.7578125 0.1125 0.771875 0.109375 0.778125 0.1015625 0.784375 0.1015625 0.7953125 0.1125 0.828125 0.1140625 0.878125 0.121875 0.8984375 0.128125 0.9078125 0.134375 0.9265625 0.1421875 0.9359375 0.1640625 0.98125 0.1703125 0.9875 0.16875 0.9984375 0.146875 0.9984375 0.146875 0.9875 0.15 0.98125 0.1296875 0.95 0.1265625 0.946875 0.1234375 0.9484375 0.121875 0.9515625 0.1234375 0.95625 0.1203125 0.9640625 0.10625 0.9453125 0.103125 0.9328125 0.10625 0.921875 0.10625 0.9125 0.0984375 0.896875 0.0953125 0.884375 0.0859375 0.86875 0.0796875 0.85 0.0734375 0.8484375 0.0703125 0.8421875 0.0640625 0.8203125 0.0640625 0.8140625 0.05625 0.7875 0.05625 0.7703125 0.0609375 0.7546875 0.0609375 0.7421875 0.0578125 0.7375 0.053125 0.71875 0.04375 0.7 0.04375 0.678125 0.053125 0.6703125 0.059375 0.675 0.0625 0.684375 0.0640625 0.7015625 0.0703125 0.7171875 0.0734375 0.7203125 0.0796875 0.715625 0.0875 0.715625 0.0921875 0.7203125 0.09375 0.7265625 0.1078125 0.75
3 0.49375 0.95 0.5125 0.9640625 0.53125 0.99375 0.53125 0.9984375 0.4609375 0.9984375 0.4640625 0.98125 0.4703125 0.965625 0.4828125 0.95 0.4859375 0.9484375 0.4921875 0.95
3 0.9796875 0.6546875 0.984375 0.6609375 0.984375 0.6828125 0.98125 0.6890625 0.98125 0.696875 0.9765625 0.7046875 0.9796875 0.721875 0.9796875 0.7390625 0.975 0.765625 0.959375 0.7984375 0.9578125 0.809375 0.95 0.815625 0.946875 0.8265625 0.9296875 0.853125 0.925 0.865625 0.921875 0.8875 0.9109375 0.9125 0.9078125 0.9265625 0.903125 0.9328125 0.896875 0.9328125 0.896875 0.9203125 0.9046875 0.8953125 0.925 0.8453125 0.94375 0.8140625 0.9390625 0.8109375 0.9296875 0.8203125 0.9265625 0.8265625 0.921875 0.828125 0.921875 0.81875 0.928125 0.790625 0.934375 0.7828125 0.934375 0.775 0.93125 0.771875 0.93125 0.7625 0.9375 0.7515625 0.940625 0.740625 0.9390625 0.7390625 0.9359375 0.740625 0.9234375 0.753125 0.91875 0.753125 0.9140625 0.7484375 0.91875 0.74375 0.921875 0.7453125 0.928125 0.7421875 0.928125 0.7359375 0.9453125 0.709375 0.95 0.690625 0.9546875 0.6859375 0.959375 0.6859375 0.9625 0.6828125 0.9625 0.6734375 0.965625 0.665625 0.978125 0.6546875
3 0.515625 0.1296875 0.521875 0.15 0.521875 0.16875 0.51875 0.184375 0.51875 0.2046875 0.515625 0.215625 0.515625 0.2265625 0.5125 0.2203125 0.5125 0.20625 0.50625 0.2015625 0.5015625 0.2015625 0.503125 0.153125 0.509375 0.1390625 0.509375 0.1328125 0.5140625 0.1296875
3 0.3109375 0.171875 0.3140625 0.171875 0.315625 0.1765625 0.315625 0.1890625 0.3203125 0.196875 0.321875 0.2125 0.321875 0.228125 0.31875 0.2359375 0.3109375 0.2359375 0.30625 0.2390625 0.3015625 0.2375 0.3015625 0.2015625 0.30625 0.1890625 0.30625 0.18125 0.3109375 0.1734375