0 0.2951375375 0.7490166671875 0.29162082031250003 0.7549120375 0.28612462031249997 0.76321944375 0.27961778125 0.7637796296875 0.294258359375 0.8047564812499999 0.3010729484375 0.7932333328125 0.3026117015625 0.7667037031249999 0.2951375375 0.7490166671875
0 0.514674771875 0.3615768515625 0.5193525828125 0.3669620375 0.5318259875 0.3558740734375 0.537542553125 0.35017222187499997 0.5417006078125 0.357775 0.5541732515625 0.3495388890625 0.5481968078125 0.3268379625 0.545598025 0.3235620375 0.515194528125 0.3476379625 0.514674771875 0.3615768515625
0 0.13162158125 0.1432870375 0.13444984843750002 0.13798240781249999 0.12879331249999998 0.1358601859375 0.1296633734375 0.1318824078125 0.1390182375 0.1318824078125 0.1390182375 0.1279046296875 0.12217933125 0.128253703125 0.1131291796875 0.138247221875 0.112694528125 0.1454083328125 0.128140578125 0.148590740625 0.13162158125 0.1432870375
0 0.113825228125 0.14765833281250001 0.1131291796875 0.1541601859375 0.13162158125 0.1536296296875 0.1309688453125 0.14753055625 0.113825228125 0.14765833281250001
0 0.113825228125 0.15465740781249998 0.11182370781249999 0.15866944375 0.1292287234375 0.16105648125 0.1292287234375 0.1538953703125 0.113825228125 0.15465740781249998
2 0.28203125 0.746875 0.02265625 0.034375
2 0.5390625 0.3515625 0.540625 0.3640625 0.5359375 0.3796875 0.53125 0.3875 0.528125 0.3875 0.521875 0.3796875 0.51875 0.3703125 0.528125 0.35625 0.5328125 0.3515625 0.5375 0.3515625
2 0.1359375 0.1296875 0.14375 0.134375 0.14375 0.1421875 0.1375 0.15625 0.1328125 0.1578125 0.13125 0.15625 0.13125 0.1375 0.1359375 0.13125
2 0.34375 0.5984375 0.35 0.609375 0.3484375 0.621875 0.3421875 0.63125 0.3328125 0.6375 0.3234375 0.6375 0.3171875 0.6234375 0.3234375 0.60625 0.3359375 0.596875 0.3421875 0.5984375
2 0.4421875 0.4484375 0.446875 0.4671875 0.44375 0.4765625 0.4390625 0.48125 0.43125 0.4796875 0.43125 0.471875 0.434375 0.465625 0.4359375 0.453125 0.440625 0.4484375
2 0.078125 0.1875 0.08125 0.1890625 0.0828125 0.1953125 0.08125 0.2109375 0.078125 0.2125 0.075 0.2109375 0.0703125 0.203125 0.0703125 0.1953125 0.0734375 0.1890625 0.0765625 0.1890625
2 0.35317401249999997 0.6435842593750001 0.366810790625 0.6421388890624999 0.3776808515625 0.6223824078125 0.3593009125 0.6063425921875 0.3468503046875 0.6221416671875 0.347443009375 0.63635648125 0.35317401249999997 0.6435842593750001
3 0.08125 0 0.103125 0 0.1078125 0.034375 0.1171875 0.0515625 0.1265625 0.0546875 0.1328125 0.0640625 0.1375 0.084375 0.1421875 0.0921875 0.1421875 0.1015625 0.146875 0.1171875 0.146875 0.1296875 0.14375 0.1328125 0.14375 0.1390625 0.1375 0.1484375 0.1375 0.153125 0.128125 0.1609375 0.1328125 0.1890625 0.1328125 0.2546875 0.13125 0.25625 0.13125 0.296875 0.128125 0.3109375 0.128125 0.325 0.1375 0.3421875 0.1375 0.353125 0.134375 0.35625 0.128125 0.35625 0.1203125 0.346875 0.11875 0.3328125 0.1125 0.3140625 0.1109375 0.321875 0.1046875 0.3296875 0.103125 0.3484375 0.0984375 0.346875 0.1015625 0.3140625 0.0953125 0.2953125 0.0921875 0.259375 0.0859375 0.2421875 0.084375 0.2140625 0.08125 0.2109375 0.0765625 0.2109375 0.071875 0.2046875 0.071875 0.1921875 0.065625 0.16875 0.0640625 0.084375 0.0671875 0.06875 0.075 0.0546875 0.0796875 0.0515625 0.0828125 0.04375 0.0828125 0.025 0.0796875 0.0140625 0.08125 0.0015625
3 0.303125 0.4125 0.3109375 0.4203125 0.315625 0.4296875 0.3171875 0.4421875 0.321875 0.4546875 0.3234375 0.4875 0.3328125 0.4921875 0.3375 0.5 0.33125 0.55625 0.3328125 0.565625 0.3296875 0.575 0.33125 0.5890625 0.3234375 0.596875 0.3203125 0.63125 0.3296875 0.6421875 0.3421875 0.64375 0.359375 0.65 0.3640625 0.6546875 0.3640625 0.6609375 0.375 0.675 0.384375 0.6984375 0.3828125 0.725 0.3875 0.753125 0.3890625 0.7984375 0.3875 0.8 0.3859375 0.8421875 0.375 0.8734375 0.3765625 0.90625 0.371875 0.909375 0.371875 0.9234375 0.378125 0.953125 0.3734375 0.96875 0.375 0.9734375 0.3734375 0.9875 0.365625 0.9859375 0.3640625 0.96875 0.35625 0.9546875 0.34375 0.9109375 0.334375 0.8921875 0.3328125 0.853125 0.3171875 0.8125 0.315625 0.796875 0.3109375 0.78125 0.3109375 0.771875 0.3046875 0.7546875 0.30625 0.75 0.29375 0.7375 0.2875 0.7375 0.284375 0.7078125 0.278125 0.690625 0.278125 0.6765625 0.26875 0.65 0.2671875 0.5328125 0.2953125 0.5015625 0.2953125 0.4921875 0.2828125 0.4515625 0.28125 0.4265625 0.2875 0.4140625 0.2921875 0.4109375 0.3015625 0.4125
3 0.45625 0.2625 0.46875 0.2484375 0.4734375 0.2484375 0.4765625 0.2453125 0.4796875 0.2234375 0.4859375 0.209375 0.49375 0.2046875 0.4984375 0.2046875 0.50625 0.2125 0.5125 0.225 0.5125 0.2609375 0.5109375 0.271875 0.5015625 0.2890625 0.5015625 0.3 0.50625 0.3140625 0.5109375 0.346875 0.5140625 0.3609375 0.51875 0.36875 0.5328125 0.3546875 0.5375 0.3578125 0.5359375 0.3765625 0.5328125 0.3828125 0.5265625 0.3875 0.51875 0.4125 0.51875 0.459375 0.515625 0.4734375 0.515625 0.5703125 0.50625 0.596875 0.5078125 0.6515625 0.525 0.66875 0.5265625 0.675 0.5234375 0.6828125 0.51875 0.6875 0.496875 0.6984375 0.4921875 0.6984375 0.4875 0.6953125 0.4890625 0.6671875 0.4859375 0.665625 0.478125 0.6703125 0.471875 0.6703125 0.4671875 0.665625 0.4671875 0.6484375 0.46875 0.646875 0.4671875 0.6421875 0.4703125 0.6359375 0.471875 0.6234375 0.475 0.5640625 0.478125 0.55 0.478125 0.525 0.4734375 0.5015625 0.4734375 0.475 0.4671875 0.4609375 0.465625 0.4296875 0.4578125 0.39375 0.4515625 0.340625 0.45 0.28125 0.45625 0.2640625
3 0.415625 0.3390625 0.4296875 0.3484375 0.4375 0.35625 0.440625 0.3640625 0.4390625 0.38125 0.434375 0.3984375 0.434375 0.409375 0.4359375 0.4234375 0.440625 0.4375 0.440625 0.446875 0.4453125 0.4625 0.4453125 0.50625 0.446875 0.5078125 0.446875 0.53125 0.4421875 0.5390625 0.4359375 0.6203125 0.425 0.703125 0.4296875 0.715625 0.440625 0.7265625 0.4421875 0.7375 0.4328125 0.74375 0.421875 0.7390625 0.41875 0.7421875 0.4203125 0.7578125 0.41875 0.7734375 0.409375 0.7734375 0.40625 0.7703125 0.4 0.7515625 0.3984375 0.71875 0.4 0.7171875 0.4015625 0.6328125 0.3984375 0.6234375 0.3984375 0.6078125 0.396875 0.60625 0.3984375 0.540625 0.396875 0.5390625 0.3953125 0.503125 0.3859375 0.4625 0.3875 0.4171875 0.384375 0.4078125 0.3859375 0.4 0.39375 0.3890625 0.403125 0.3484375 0.4078125 0.3421875 0.4140625 0.3390625
3 0.3671875 0.4046875 0.3796875 0.409375 0.384375 0.4203125 0.3828125 0.4609375 0.3875 0.478125 0.3875 0.4859375 0.3921875 0.4984375 0.3953125 0.5234375 0.3953125 0.5578125 0.39375 0.559375 0.3953125 0.5828125 0.39375 0.5953125 0.3875 0.6125 0.3890625 0.6203125 0.39375 0.6234375 0.39375 0.6390625 0.3921875 0.640625 0.39375 0.6453125 0.3890625 0.6484375 0.3875 0.6609375 0.3921875 0.6671875 0.390625 0.675 0.39375 0.6796875 0.390625 0.690625 0.3890625 0.6921875 0.384375 0.690625 0.3765625 0.66875 0.371875 0.6625 0.371875 0.6546875 0.3671875 0.65 0.3515625 0.6453125 0.340625 0.6375 0.3359375 0.6359375 0.3296875 0.6375 0.325 0.634375 0.321875 0.628125 0.325 0.6140625 0.325 0.6015625 0.328125 0.59375 0.3359375 0.584375 0.33125 0.56875 0.334375 0.5515625 0.334375 0.5359375 0.340625 0.503125 0.340625 0.4953125 0.3265625 0.4859375 0.325 0.4828125 0.3234375 0.4625 0.3484375 0.459375 0.3515625 0.45625 0.353125 0.4203125 0.359375 0.409375 0.365625 0.40625