2 0.4984375 0.1953125 0.5015625 0.2 0.5015625 0.2109375 0.4984375 0.215625 0.496875 0.209375 0.4984375 0.196875
2 0.4953125 0.278125 0.496875 0.2859375 0.490625 0.2921875 0.4890625 0.2921875 0.4890625 0.278125 0.490625 0.2765625 0.49375 0.278125
2 0.2734375 0.2625 0.2796875 0.265625 0.2796875 0.2734375 0.275 0.275 0.2734375 0.2640625
2 0.48125 0.1984375 0.4859375 0.2125 0.484375 0.2171875 0.48125 0.21875 0.4796875 0.2171875 0.478125 0.20625 0.48125 0.2
2 0.4984375 0.63515625 0.01484375 0.03125
2 0.4796875 0.5484375 0.01796875 0.01484375
3 0.35 0.853125 0.3640625 0.86875 0.365625 0.8671875 0.3703125 0.8703125 0.3734375 0.8796875 0.3734375 0.8875 0.3625 0.8984375 0.3734375 0.921875 0.375 0.9609375 0.3796875 0.96875 0.3796875 0.9734375 0.3765625 0.975 0.378125 0.9890625 0.3765625 0.9984375 0.321875 0.9984375 0.328125 0.978125 0.3296875 0.946875 0.3375 0.928125 0.334375 0.9234375 0.325 0.9171875 0.321875 0.9078125 0.321875 0.8859375 0.325 0.8765625 0.325 0.8625 0.3328125 0.8546875 0.3484375 0.853125
3 0.284375 0.1921875 0.2890625 0.1921875 0.2921875 0.196875 0.2921875 0.2109375 0.2984375 0.21875 0.3 0.2265625 0.2953125 0.2515625 0.296875 0.2765625 0.290625 0.296875 0.2890625 0.2984375 0.2828125 0.296875 0.28125 0.278125 0.275 0.2609375 0.275 0.221875 0.2828125 0.209375 0.284375 0.19375
3 0.4921875 0.1375 0.49375 0.153125 0.4984375 0.1640625 0.4984375 0.1796875 0.5 0.18125 0.5 0.2140625 0.4953125 0.225 0.4953125 0.265625 0.4984375 0.2703125 0.4984375 0.275 0.4953125 0.2765625 0.4921875 0.275 0.4921875 0.265625 0.4890625 0.2609375 0.4890625 0.2359375 0.484375 0.225 0.4828125 0.2 0.478125 0.18125 0.478125 0.1609375 0.484375 0.153125 0.4859375 0.1375 0.4875 0.1359375 0.490625 0.1375
3 0.4640625 0.128125 0.4671875 0.13125 0.4734375 0.1515625 0.4734375 0.18125 0.4765625 0.2046875 0.471875 0.215625 0.471875 0.2234375 0.4671875 0.2390625 0.4625 0.2453125 0.4578125 0.246875 0.4484375 0.2390625 0.4484375 0.2234375 0.4546875 0.1890625 0.453125 0.153125 0.4625 0.1296875
3 0.5015625 0.4390625 0.509375 0.446875 0.5109375 0.478125 0.5234375 0.496875 0.53125 0.5203125 0.53125 0.534375 0.5234375 0.575 0.5234375 0.6078125 0.5171875 0.625 0.51875 0.6296875 0.5171875 0.6328125 0.5171875 0.6484375 0.51875 0.65 0.5171875 0.6671875 0.5203125 0.68125 0.525 0.690625 0.528125 0.721875 0.5359375 0.740625 0.5359375 0.7546875 0.5203125 0.76875 0.5125 0.7671875 0.5109375 0.759375 0.51875 0.74375 0.521875 0.73125 0.5140625 0.70625 0.50625 0.6953125 0.503125 0.696875 0.5015625 0.7078125 0.503125 0.7296875 0.5 0.7328125 0.478125 0.734375 0.475 0.728125 0.478125 0.7203125 0.4875 0.7125 0.490625 0.70625 0.490625 0.6890625 0.4875 0.6703125 0.490625 0.6546875 0.4890625 0.615625 0.4921875 0.609375 0.4890625 0.596875 0.4890625 0.584375 0.49375 0.56875 0.49375 0.55625 0.48125 0.5546875 0.4734375 0.55 0.4734375 0.546875 0.4796875 0.5421875 0.4859375 0.5421875 0.49375 0.5375 0.496875 0.5171875 0.496875 0.4984375 0.4890625 0.4828125 0.4890625 0.475 0.4859375 0.4703125 0.4859375 0.45625 0.490625 0.4453125 0.5 0.4390625
3 0.2453125 0.2875 0.25 0.2953125 0.253125 0.3140625 0.259375 0.321875 0.259375 0.3625 0.2515625 0.38125 0.2515625 0.39375 0.2484375 0.378125 0.2453125 0.33125 0.2296875 0.328125 0.2359375 0.2921875 0.24375 0.2875
3 0.4640625 0.24375 0.4671875 0.2421875 0.471875 0.2265625 0.475 0.2234375 0.4796875 0.2234375 0.4828125 0.2265625 0.484375 0.23125 0.4828125 0.25625 0.4859375 0.2625 0.4890625 0.28125 0.4921875 0.2859375 0.484375 0.296875 0.484375 0.315625 0.4859375 0.3171875 0.48125 0.328125 0.4796875 0.3625 0.475 0.3796875 0.475 0.390625 0.48125 0.3984375 0.4765625 0.403125 0.46875 0.4015625 0.46875 0.359375 0.465625 0.3578125 0.4625 0.3671875 0.4625 0.396875 0.4609375 0.403125 0.4578125 0.403125 0.45625 0.3984375 0.4578125 0.359375 0.453125 0.3234375 0.4546875 0.26875 0.45625 0.25625 0.4640625 0.2453125