1 0.190625 0.5125 0.1921875 0.5125 0.1921875 0.525 0.1984375 0.5546875 0.1984375 0.5640625 0.2109375 0.575 0.215625 0.5984375 0.215625 0.6203125 0.2140625 0.621875 0.20625 0.6203125 0.20625 0.615625 0.196875 0.6015625 0.190625 0.5140625
1 0.0609375 0.6296875 0.0671875 0.6375 0.06875 0.6625 0.065625 0.6671875 0.059375 0.665625 0.05625 0.659375 0.0546875 0.6296875 0.05625 0.628125 0.059375 0.6296875
1 0.8109375 0.5046875 0.8140625 0.503125 0.8265625 0.5046875 0.8328125 0.5203125 0.8328125 0.528125 0.8390625 0.553125 0.8390625 0.56875 0.834375 0.5796875 0.825 0.5765625 0.8140625 0.5671875 0.80625 0.565625 0.8046875 0.553125 0.8125 0.5375 0.8125 0.525 0.8078125 0.515625 0.8109375 0.50625
2 0.8171875 0.4921875 0.8203125 0.4921875 0.825 0.4984375 0.825 0.5078125 0.8203125 0.5078125 0.8171875 0.503125 0.81875 0.49375
2 0.1046875 0.9734375 0.109375 0.9953125 0.103125 0.9984375 0.096875 0.9953125 0.09375 0.9875 0.09375 0.9765625 0.0984375 0.9734375 0.103125 0.9734375
2 0.1921875 0.9234375 0.19375 0.925 0.19375 0.9421875 0.1921875 0.946875 0.1890625 0.9484375 0.184375 0.9484375 0.18125 0.94375 0.18125 0.925 0.190625 0.9234375
2 0.05 0.584375 0.0546875 0.584375 0.0578125 0.5890625 0.0546875 0.603125 0.0515625 0.603125 0.0484375 0.590625 0.05 0.5859375
2 0.065625 0.584375 0.065625 0.6 0.0640625 0.6015625 0.05625 0.6015625 0.0546875 0.5984375 0.05625 0.5890625 0.0640625 0.584375
3 0.0625 0.4859375 0.06875 0.490625 0.0734375 0.5 0.075 0.5140625 0.0828125 0.5234375 0.0921875 0.54375 0.09375 0.5875 0.096875 0.6171875 0.1015625 0.6359375 0.1015625 0.6578125 0.103125 0.66875 0.109375 0.6859375 0.1109375 0.7078125 0.1140625 0.71875 0.1125 0.7359375 0.1078125 0.734375 0.1015625 0.696875 0.090625 0.671875 0.0859375 0.66875 0.0828125 0.671875 0.0828125 0.6765625 0.0859375 0.684375 0.0890625 0.7140625 0.0921875 0.721875 0.0921875 0.734375 0.084375 0.7484375 0.08125 0.746875 0.084375 0.725 0.075 0.6921875 0.0734375 0.675 0.06875 0.6640625 0.0609375 0.6609375 0.05625 0.6453125 0.05625 0.6296875 0.053125 0.6203125 0.053125 0.596875 0.05 0.590625 0.0453125 0.5625 0.046875 0.5390625 0.053125 0.525 0.0546875 0.4921875 0.05625 0.4875 0.0609375 0.4859375
3 0.1859375 0.434375 0.19375 0.4453125 0.19375 0.4671875 0.1984375 0.484375 0.1953125 0.4875 0.1984375 0.4890625 0.1984375 0.4953125 0.20625 0.5109375 0.2078125 0.5203125 0.2125 0.528125 0.21875 0.5328125 0.221875 0.540625 0.2171875 0.54375 0.2125 0.553125 0.2109375 0.565625 0.2078125 0.5703125 0.2015625 0.565625 0.196875 0.565625 0.19375 0.5703125 0.2 0.6203125 0.19375 0.625 0.1921875 0.6515625 0.1875 0.6796875 0.1875 0.6984375 0.1890625 0.7046875 0.2 0.7109375 0.184375 0.73125 0.1796875 0.7296875 0.1796875 0.7171875 0.1765625 0.703125 0.1796875 0.64375 0.175 0.6171875 0.1640625 0.5953125 0.1640625 0.528125 0.1625 0.5265625 0.1625 0.490625 0.171875 0.4765625 0.16875 0.459375 0.1703125 0.44375 0.1765625 0.434375 0.184375 0.434375
3 0.10625 0.7375 0.1109375 0.7390625 0.1140625 0.74375 0.11875 0.7578125 0.1203125 0.771875 0.1265625 0.778125 0.1328125 0.778125 0.153125 0.7890625 0.1703125 0.825 0.184375 0.8640625 0.1875 0.8859375 0.19375 0.903125 0.1921875 0.90625 0.19375 0.940625 0.1890625 0.946875 0.184375 0.946875 0.18125 0.9421875 0.1796875 0.9015625 0.1625 0.859375 0.1609375 0.8578125 0.1578125 0.8609375 0.1625 0.896875 0.165625 0.903125 0.165625 0.915625 0.1765625 0.9546875 0.1765625 0.965625 0.18125 0.98125 0.1828125 0.9984375 0.15625 0.9984375 0.1515625 0.99375 0.1484375 0.9984375 0.1234375 0.9984375 0.121875 0.996875 0.115625 0.9703125 0.109375 0.925 0.103125 0.9078125 0.1 0.9109375 0.1015625 0.9625 0.1078125 0.9828125 0.1078125 0.9953125 0.0984375 0.996875 0.09375 0.9859375 0.09375 0.9734375 0.0890625 0.9578125 0.0890625 0.94375 0.084375 0.9265625 0.0828125 0.8484375 0.084375 0.846875 0.084375 0.825 0.0953125 0.803125 0.0953125 0.7890625 0.0921875 0.778125 0.0921875 0.7515625 0.0953125 0.74375 0.1046875 0.7375
3 0.8015625 0.39375 0.8078125 0.39375 0.8140625 0.4 0.815625 0.4046875 0.815625 0.421875 0.809375 0.4375 0.803125 0.44375 0.803125 0.45625 0.80625 0.471875 0.8203125 0.49375 0.8203125 0.4984375 0.8171875 0.5015625 0.8109375 0.5 0.80625 0.5046875 0.80625 0.5171875 0.8109375 0.5328125 0.80625 0.5453125 0.7953125 0.559375 0.7921875 0.56875 0.7921875 0.584375 0.7875 0.6046875 0.784375 0.646875 0.7953125 0.659375 0.796875 0.665625 0.7875 0.671875 0.7859375 0.678125 0.7875 0.7015625 0.784375 0.703125 0.7765625 0.6984375 0.76875 0.6828125 0.7703125 0.646875 0.771875 0.6453125 0.7703125 0.640625 0.771875 0.6390625 0.771875 0.60625 0.7734375 0.6046875 0.7734375 0.553125 0.7703125 0.540625 0.7703125 0.5078125 0.7734375 0.49375 0.7734375 0.471875 0.778125 0.4234375 0.7828125 0.4140625 0.7921875 0.409375 0.8015625 0.3953125