0 0.28586494687499997 0.5292920703124999 0.28919423437499997 0.5256547390625 0.294902125 0.5226228234375 0.3010857359375 0.5117098640625 0.299182853125 0.506253384375 0.299182853125 0.500190521875 0.2968050078125 0.45471856875 0.27492488593750003 0.445623790625 0.2616069796875 0.4674506765625 0.262558421875 0.51898549375 0.28586494687499997 0.5292920703124999
1 0.04609375 0.9609375 0.03828125 0.078125
1 0.703125 0.0453125 0.70625 0.046875 0.7078125 0.0578125 0.7078125 0.0828125 0.70625 0.0859375 0.6921875 0.090625 0.6828125 0.090625 0.6796875 0.078125 0.6796875 0.0671875 0.684375 0.0546875 0.6875 0.034375 0.69375 0.0296875 0.7015625 0.0453125
2 0.3078125 0.49375 0.3109375 0.4953125 0.3140625 0.503125 0.3140625 0.5171875 0.3078125 0.525 0.303125 0.5265625 0.29375 0.525 0.29375 0.5171875 0.3 0.4984375 0.30625 0.49375
2 0.66875 0.0109375 0.675 0.0140625 0.675 0.0234375 0.671875 0.0265625 0.6609375 0.025 0.6546875 0.0171875 0.65625 0.0109375 0.6671875 0.0109375
2 0.240625 0.3109375 0.2421875 0.3203125 0.2390625 0.3265625 0.23125 0.3234375 0.228125 0.31875 0.228125 0.3109375 0.23125 0.30625 0.2359375 0.30625 0.2390625 0.3109375
2 0.3109375 0.928125 0.315625 0.9296875 0.31875 0.9359375 0.3203125 0.9515625 0.3203125 0.9734375 0.315625 0.9828125 0.3109375 0.984375 0.3078125 0.98125 0.3046875 0.965625 0.3046875 0.93125 0.309375 0.9296875
2 0.2546875 0.659375 0.259375 0.6625 0.2609375 0.678125 0.25625 0.6890625 0.2421875 0.665625 0.2359375 0.6640625 0.2359375 0.6609375 0.240625 0.6578125 0.253125 0.659375
3 0.2640625 0.328125 0.2796875 0.325 0.2875 0.328125 0.290625 0.334375 0.29375 0.3359375 0.2953125 0.340625 0.29375 0.35 0.321875 0.40625 0.325 0.4265625 0.325 0.4515625 0.3328125 0.4734375 0.3328125 0.490625 0.3296875 0.4953125 0.328125 0.5046875 0.33125 0.55625 0.3359375 0.5703125 0.340625 0.5953125 0.340625 0.6078125 0.3453125 0.621875 0.34375 0.6546875 0.3421875 0.6625 0.3375 0.6640625 0.3328125 0.65625 0.33125 0.6421875 0.325 0.6265625 0.321875 0.6046875 0.3125 0.5875 0.30625 0.5703125 0.296875 0.565625 0.2890625 0.571875 0.2859375 0.5671875 0.284375 0.55 0.278125 0.528125 0.290625 0.5203125 0.2921875 0.5140625 0.2984375 0.50625 0.3 0.4984375 0.2984375 0.4671875 0.2953125 0.4546875 0.2796875 0.446875 0.275 0.4484375 0.265625 0.4609375 0.2640625 0.459375 0.2640625 0.4390625 0.2609375 0.41875 0.2625 0.4171875 0.2625 0.4015625 0.2671875 0.390625 0.2671875 0.3796875 0.2640625 0.3703125 0.2640625 0.340625 0.2625 0.3390625 0.2640625 0.3296875
3 0.6375 0 0.6921875 0 0.69375 0.0125 0.69375 0.021875 0.6859375 0.0328125 0.684375 0.053125 0.6796875 0.0609375 0.678125 0.0703125 0.6828125 0.1171875 0.6828125 0.1484375 0.671875 0.1515625 0.6671875 0.115625 0.6671875 0.109375 0.6703125 0.1046875 0.6671875 0.0734375 0.6625 0.0671875 0.6515625 0.0671875 0.646875 0.0578125 0.646875 0.040625 0.6515625 0.0375 0.6609375 0.0390625 0.6625 0.0359375 0.6453125 0.0296875 0.6375 0.009375 0.6375 0.0015625
3 0 0.7796875 0.00625 0.7859375 0.015625 0.80625 0.0234375 0.828125 0.025 0.8390625 0.03125 0.8515625 0.0421875 0.8859375 0.046875 0.9109375 0.046875 0.91875 0.0375 0.9234375 0.0265625 0.946875 0.025 0.96875 0.01875 0.965625 0.009375 0.95625 0 0.95625 0 0.78125
3 0.115625 0.728125 0.125 0.734375 0.1296875 0.74375 0.1359375 0.76875 0.15625 0.784375 0.1828125 0.8203125 0.190625 0.8484375 0.19375 0.8953125 0.196875 0.9015625 0.2 0.9234375 0.2140625 0.9734375 0.2140625 0.984375 0.2171875 0.99375 0.215625 0.9984375 0.159375 0.9984375 0.1515625 0.990625 0.1375 0.9609375 0.13125 0.9390625 0.1265625 0.90625 0.11875 0.8828125 0.1140625 0.846875 0.1140625 0.8203125 0.109375 0.8171875 0.1 0.79375 0.096875 0.74375 0.1 0.734375 0.1140625 0.728125
3 0.246875 0.225 0.2625 0.2296875 0.2703125 0.2375 0.284375 0.24375 0.3 0.2625 0.3046875 0.275 0.3046875 0.2859375 0.3 0.303125 0.296875 0.334375 0.29375 0.3359375 0.2890625 0.3296875 0.2828125 0.3265625 0.2625 0.325 0.259375 0.3078125 0.2515625 0.3 0.2453125 0.3046875 0.2375 0.321875 0.234375 0.31875 0.23125 0.3015625 0.234375 0.296875 0.2375 0.2828125 0.2359375 0.271875 0.23125 0.2640625 0.225 0.2609375 0.2234375 0.2578125 0.2234375 0.2421875 0.228125 0.2265625 0.23125 0.2234375 0.2390625 0.221875 0.2453125 0.225
3 0.215625 0.73125 0.225 0.7375 0.2375 0.7640625 0.2421875 0.759375 0.2484375 0.759375 0.2609375 0.7625 0.271875 0.771875 0.2875 0.7921875 0.2921875 0.8078125 0.3 0.8203125 0.3078125 0.8453125 0.309375 0.8625 0.3140625 0.8765625 0.3140625 0.8984375 0.321875 0.9171875 0.31875 0.9296875 0.31875 0.95625 0.3203125 0.9578125 0.31875 0.9609375 0.3203125 0.971875 0.328125 0.9875 0.328125 0.9984375 0.2234375 0.9984375 0.221875 0.996875 0.215625 0.9671875 0.203125 0.925 0.2015625 0.909375 0.1953125 0.8875 0.1953125 0.8703125 0.19375 0.86875 0.19375 0.8375 0.2 0.815625 0.20625 0.8046875 0.20625 0.796875 0.2 0.7828125 0.2 0.7515625 0.2078125 0.734375 0.2140625 0.7328125
3 0.265625 0.521875 0.275 0.5296875 0.28125 0.54375 0.284375 0.5734375 0.2890625 0.575 0.2921875 0.5703125 0.3 0.56875 0.3078125 0.58125 0.3109375 0.5921875 0.3125 0.6171875 0.31875 0.6484375 0.31875 0.703125 0.325 0.7265625 0.325 0.75 0.3203125 0.7703125 0.321875 0.7859375 0.3203125 0.8046875 0.3234375 0.825 0.3484375 0.878125 0.35625 0.8875 0.35625 0.890625 0.3671875 0.9078125 0.396875 0.9453125 0.396875 0.9578125 0.39375 0.965625 0.3859375 0.9796875 0.378125 0.9859375 0.371875 0.984375 0.3671875 0.9765625 0.365625 0.965625 0.371875 0.953125 0.365625 0.940625 0.3609375 0.9359375 0.35 0.93125 0.34375 0.9234375 0.334375 0.903125 0.325 0.8953125 0.321875 0.8953125 0.3171875 0.8875 0.3171875 0.875 0.3109375 0.85625 0.3109375 0.8484375 0.303125 0.8171875 0.29375 0.80625 0.290625 0.7921875 0.2859375 0.7828125 0.2859375 0.775 0.278125 0.7546875 0.2703125 0.684375 0.2625 0.6796875 0.2578125 0.68125 0.25 0.6953125 0.24375 0.684375 0.240625 0.6734375 0.2375 0.671875 0.2390625 0.6625 0.2609375 0.6609375 0.26875 0.6546875 0.271875 0.6484375 0.2734375 0.6140625 0.265625 0.60625 0.2578125 0.584375 0.2515625 0.5734375 0.2484375 0.546875 0.253125 0.5296875 0.259375 0.5234375 0.2640625 0.521875