0 0.633661596875 0.648754175 0.639422053125 0.6340640078125 0.6443969578125001 0.6232068640625 0.6446585546875 0.611071428125 0.6362798484375001 0.6030881265625 0.634168821875 0.6053877546875001 0.6221414453125 0.6248033390625001 0.6148098859375 0.6589730984375 0.6221414453125 0.6650408156250001 0.633661596875 0.648754175
0 0.5933391640625 0.7094304265625 0.594910265625 0.706555659375 0.5938631171875 0.675579778125 0.592292015625 0.670150278125 0.5881026609375 0.670150278125 0.5857460078125001 0.672705009375 0.5841999999999999 0.6785324671875 0.5873171109374999 0.6880343234375 0.58679315625 0.703362709375 0.5875787078125 0.7103877546875 0.5933391640625 0.7094304265625
0 0.61428593125 0.7030436 0.6182136875 0.702404453125 0.62318859375 0.696017625 0.62318859375 0.6912272734375 0.6210935359375 0.6819666046874999 0.6234501906250001 0.675579778125 0.6192608359375 0.67334415625 0.6141809890625 0.669824675 0.6111437265624999 0.6749406312499999 0.6100965781250001 0.6845213359375 0.6106205328125001 0.694740259375 0.61428593125 0.7030436
0 0.634971103125 0.6896307984375001 0.643349809375 0.672705009375 0.6415171109375 0.6688729125 0.633661596875 0.666957328125 0.6305193921875001 0.66791465625 0.6299961984375 0.675579778125 0.6263307984375001 0.6771762515625 0.622747528125 0.6785324671875 0.6224030421875 0.690589053125 0.6244973390624999 0.696017625 0.6265923953125 0.69697588125 0.634971103125 0.6896307984375001
2 0.5375 0.9109375 0.5375 0.9 0.5453125 0.89375 0.55 0.89375 0.553125 0.896875 0.5546875 0.9015625 0.553125 0.9125 0.55 0.9171875 0.5390625 0.9109375
2 0.58125 0.6609375 0.584375 0.6671875 0.584375 0.6796875 0.5875 0.6859375 0.5859375 0.6953125 0.5828125 0.696875 0.5796875 0.6890625 0.5765625 0.6671875 0.5796875 0.6625
2 0.4703125 0.4203125 0.475 0.4203125 0.48125 0.4296875 0.48125 0.4359375 0.478125 0.4375 0.4703125 0.4359375 0.4671875 0.43125 0.4671875 0.425 0.4703125 0.421875
2 0.0453125 0.75546875 0.0140625 0.02421875
2 0.525 0.7609375 0.0109375 0.0234375
2 0.9640625 0.8046875 0.96875 0.809375 0.9671875 0.8234375 0.9625 0.8234375 0.9609375 0.8140625 0.9640625 0.80625
2 0.615222053125 0.6655018546875 0.6150463875 0.6715185531250001 0.618217490625 0.6736669765625 0.62579315625 0.6749564 0.634074525 0.6652866421875 0.627885171875 0.65696289375 0.624736121875 0.66098886875 0.6171604562499999 0.66120408125 0.615222053125 0.6655018546875
1 0.5203125 0.4140625 0.5265625 0.4203125 0.5296875 0.453125 0.5265625 0.4609375 0.5203125 0.4671875 0.51875 0.45 0.521875 0.4359375 0.521875 0.415625
3 0.5078125 0.3703125 0.5125 0.375 0.5140625 0.3828125 0.5140625 0.40625 0.51875 0.409375 0.528125 0.425 0.5296875 0.45625 0.5203125 0.471875 0.521875 0.475 0.5203125 0.5171875 0.5171875 0.521875 0.509375 0.521875 0.5046875 0.528125 0.50625 0.5671875 0.5015625 0.5796875 0.4953125 0.578125 0.49375 0.575 0.4953125 0.509375 0.4921875 0.503125 0.478125 0.4953125 0.48125 0.459375 0.4734375 0.4515625 0.4703125 0.4359375 0.4734375 0.425 0.48125 0.43125 0.4859375 0.4265625 0.4890625 0.4171875 0.4953125 0.4109375 0.49375 0.3984375 0.496875 0.3921875 0.496875 0.38125 0.5 0.3734375 0.50625 0.3703125
3 0.0640625 0.66875 0.0921875 0.7046875 0.10625 0.7359375 0.1140625 0.7640625 0.1203125 0.775 0.121875 0.7875 0.1203125 0.7890625 0.11875 0.828125 0.13125 0.86875 0.13125 0.89375 0.134375 0.9015625 0.134375 0.91875 0.13125 0.925 0.1265625 0.928125 0.11875 0.928125 0.1171875 0.9234375 0.1234375 0.9140625 0.1203125 0.90625 0.11875 0.890625 0.115625 0.8875 0.1125 0.875 0.0984375 0.853125 0.0890625 0.8453125 0.0734375 0.8015625 0.065625 0.79375 0.0609375 0.7921875 0.05625 0.778125 0.05625 0.75 0.059375 0.7359375 0.0625 0.73125 0.0546875 0.6828125 0.0578125 0.675 0.0625 0.6703125
3 0.5015625 0.8125 0.509375 0.8171875 0.5140625 0.83125 0.5140625 0.85625 0.5078125 0.878125 0.5171875 0.896875 0.51875 0.9046875 0.53125 0.915625 0.53125 0.91875 0.5359375 0.9234375 0.540625 0.9109375 0.5390625 0.9015625 0.546875 0.8953125 0.5515625 0.9 0.546875 0.975 0.5421875 0.9828125 0.5328125 0.9859375 0.5234375 0.9859375 0.5203125 0.9984375 0.45625 0.9984375 0.4546875 0.9953125 0.45625 0.9765625 0.453125 0.9625 0.45 0.9546875 0.4390625 0.9484375 0.4328125 0.928125 0.4328125 0.909375 0.4390625 0.9015625 0.4484375 0.8828125 0.4578125 0.8734375 0.471875 0.871875 0.484375 0.8625 0.4828125 0.8359375 0.4859375 0.825 0.490625 0.815625 0.5 0.8125
3 0.509375 0.7828125 0.5078125 0.7609375 0.50625 0.759375 0.503125 0.7609375 0.4984375 0.784375 0.4984375 0.8078125 0.49375 0.8125 0.4875 0.815625 0.4859375 0.8140625 0.4875 0.696875 0.4859375 0.6953125 0.4859375 0.6375 0.4828125 0.6171875 0.484375 0.5984375 0.4875 0.5859375 0.490625 0.5828125 0.503125 0.5828125 0.50625 0.5796875 0.5078125 0.575 0.50625 0.528125 0.5109375 0.5234375 0.51875 0.5234375 0.528125 0.5359375 0.528125 0.5609375 0.5234375 0.571875 0.521875 0.5953125 0.5359375 0.6125 0.5375 0.6171875 0.5359375 0.653125 0.53125 0.684375 0.53125 0.7140625 0.5265625 0.7390625 0.5265625 0.7671875 0.5234375 0.7703125 0.51875 0.7703125 0.509375 0.784375
3 0.9953125 0.7203125 0.9984375 0.7203125 0.9984375 0.8515625 0.9875 0.8625 0.9796875 0.89375 0.9796875 0.903125 0.975 0.915625 0.971875 0.91875 0.9671875 0.91875 0.9640625 0.9140625 0.9765625 0.8640625 0.978125 0.8546875 0.9765625 0.85 0.9703125 0.85625 0.9421875 0.9203125 0.9359375 0.928125 0.934375 0.9265625 0.934375 0.9203125 0.9390625 0.9109375 0.9375 0.896875 0.9421875 0.8890625 0.965625 0.825 0.9640625 0.8140625 0.965625 0.796875 0.9953125 0.721875
3 0 0.7359375 0.0046875 0.7359375 0.003125 0.771875 0.00625 0.78125 0.00625 0.7875 0.0015625 0.79375 0.00625 0.8015625 0.00625 0.8109375 0.0109375 0.8234375 0.0140625 0.8578125 0.021875 0.884375 0.021875 0.8984375 0.025 0.9140625 0.028125 0.921875 0.0296875 0.9234375 0.0328125 0.921875 0.0375 0.9296875 0.0328125 0.95625 0.0296875 0.9625 0.0265625 0.9625 0.021875 0.953125 0.009375 0.9390625 0.003125 0.925 0.003125 0.9203125 0 0.91875 0 0.7375
3 0.484375 0.3515625 0.490625 0.3578125 0.4953125 0.3890625 0.4890625 0.4046875 0.4890625 0.4140625 0.484375 0.4265625 0.48125 0.428125 0.4734375 0.421875 0.46875 0.425 0.46875 0.446875 0.478125 0.459375 0.478125 0.475 0.471875 0.4859375 0.4703125 0.4953125 0.4671875 0.496875 0.459375 0.4953125 0.4609375 0.478125 0.45625 0.471875 0.45625 0.4515625 0.4609375 0.43125 0.45625 0.4234375 0.45625 0.409375 0.4625 0.4015625 0.46875 0.3859375 0.4765625 0.3765625 0.4765625 0.359375 0.4828125 0.353125
3 0.625 0.5171875 0.63125 0.5296875 0.6296875 0.5546875 0.6375 0.559375 0.640625 0.5640625 0.65 0.5875 0.6515625 0.6078125 0.6484375 0.6125 0.653125 0.615625 0.653125 0.6265625 0.6484375 0.640625 0.634375 0.65625 0.63125 0.6640625 0.6265625 0.6640625 0.6234375 0.6578125 0.6296875 0.65 0.6328125 0.6375 0.6421875 0.625 0.646875 0.6125 0.6375 0.6046875 0.6328125 0.60625 0.6203125 0.63125 0.6171875 0.6453125 0.6171875 0.6609375 0.6109375 0.6703125 0.6109375 0.6921875 0.615625 0.7015625 0.6265625 0.7 0.628125 0.71875 0.625 0.728125 0.6171875 0.7296875 0.6140625 0.7328125 0.6125 0.7546875 0.6046875 0.7796875 0.6046875 0.8109375 0.6 0.8125 0.596875 0.80625 0.5953125 0.8046875 0.59375 0.80625 0.5921875 0.834375 0.5890625 0.846875 0.584375 0.846875 0.5828125 0.84375 0.584375 0.809375 0.5859375 0.8078125 0.5875 0.7421875 0.5828125 0.728125 0.5828125 0.696875 0.5796875 0.6859375 0.5796875 0.675 0.571875 0.646875 0.5703125 0.6109375 0.5765625 0.5859375 0.5859375 0.5640625 0.590625 0.5578125 0.6046875 0.55 0.6125 0.5234375 0.615625 0.51875 0.6234375 0.5171875