0 0.823568509375 0.849065740625 0.8207660859375 0.8433518515625 0.8192096890625 0.8403037031249999 0.8260598031249999 0.8300175921875 0.827928084375 0.8281129625 0.8207660859375 0.828875 0.8157842546875 0.8216361109375001 0.8192096890625 0.81173055625 0.8173414078125001 0.80220648125 0.8108705531249999 0.798552778125 0.79461014375 0.8311601859375 0.8117365624999999 0.8616379625 0.8198319453125 0.8601148140625 0.823568509375 0.849065740625
0 0.6152535953125 0.6522611109375 0.6267751703125 0.6690240734375 0.634248296875 0.671690740625 0.6305117328125001 0.6522611109375 0.61748978125 0.6290203703125 0.6112059046875 0.6366416671875 0.6108947765625 0.6457851859375 0.6152535953125 0.6522611109375
0 0.6118289171875 0.6796916671875 0.61867903125 0.6857870375 0.6286434515625 0.6835009265624999 0.6320688875 0.6789296296875 0.6283323234375 0.6743574078125001 0.6174337624999999 0.6568333328125 0.6104352765625001 0.650847221875 0.6027986375000001 0.6526425921875 0.5975049203125 0.6534046296875 0.603109765625 0.6682620375 0.6118289171875 0.6796916671875
0 0.653242240625 0.6042583328125 0.6498175625 0.58254351875 0.646081 0.5787333328125001 0.6407872828125 0.5764481484374999 0.63865405 0.562527778125 0.6454579859375 0.6507370375 0.664140803125 0.6457851859375 0.6604042390625 0.62559351875 0.653242240625 0.6042583328125
0 0.6878062078125 0.6366416671875 0.6906086296875 0.6282601859375 0.6778417859375 0.5920675921874999 0.6706797875 0.58101944375 0.6625844062499999 0.5764481484374999 0.6585359578125 0.569971296875 0.653554125 0.5642564812499999 0.6523081000000001 0.5585416671875 0.649028765625 0.5478074078125 0.638919 0.5680666671875 0.6523081000000001 0.5928296296875 0.66507494375 0.6488324078125001 0.6878062078125 0.6366416671875
0 0.685626040625 0.5798768515625 0.69870476875 0.576828703125 0.6946563203125 0.560827778125 0.68406964375 0.5551129625 0.6800211953125 0.5493981484375 0.664763815625 0.547875 0.65732778125 0.5493305562499999 0.653865253125 0.5535888890625 0.6566676765625 0.5676851859375 0.66881150625 0.5814 0.685626040625 0.5798768515625
0 0.6918538984375 0.5154916671875001 0.685003784375 0.5113009265625 0.673927328125 0.5138 0.6619613921874999 0.5486370375 0.6747282359375 0.5497796296875 0.685003784375 0.5333981484375 0.6918538984375 0.5154916671875001
0 0.6896744890625001 0.5577796296875001 0.69745874375 0.560827778125 0.7049318703125 0.5573990734375001 0.696336109375 0.5178601859375 0.6784648 0.54596944375 0.6822013625000001 0.5493981484375 0.6896744890625001 0.5577796296875001
0 0.6023429218749999 0.135002778125 0.599915215625 0.1405731484375 0.6008258890625 0.150971296875 0.6023429218749999 0.1595120375 0.613876609375 0.1595120375 0.6111445875 0.1487425921875 0.614483725 0.143172221875 0.6248031796875 0.14614351875 0.6245352 0.15300277812500002 0.6302664640625 0.14131574062500002 0.6166078734375 0.13388888906250002 0.6071990921875 0.132775 0.6023429218749999 0.135002778125
2 0.7515625 0.6671875 0.753125 0.678125 0.75 0.6953125 0.7484375 0.696875 0.746875 0.6953125 0.746875 0.6796875 0.75 0.66875
2 0.61875 0.15390625 0.015625 0.0234375
2 0.60625 0.6484375 0.60625 0.61875 0.6078125 0.6171875 0.61875 0.61875 0.6171875 0.64375 0.6125 0.6484375 0.6078125 0.6484375
2 0.8328125 0.7875 0.834375 0.8203125 0.83125 0.8265625 0.828125 0.828125 0.825 0.828125 0.8203125 0.8203125 0.8203125 0.8140625 0.8140625 0.79375 0.821875 0.7859375 0.83125 0.7875
1 0.634375 0.1890625 0.6390625 0.196875 0.640625 0.290625 0.6390625 0.290625 0.6375 0.2796875 0.6390625 0.265625 0.628125 0.2515625 0.6234375 0.240625 0.6234375 0.225 0.6265625 0.2171875 0.6265625 0.209375 0.634375 0.190625
3 0.6421875 0.04375 0.6453125 0.046875 0.6515625 0.0453125 0.65625 0.046875 0.6578125 0.0515625 0.653125 0.0609375 0.653125 0.071875 0.6625 0.078125 0.671875 0.090625 0.6703125 0.1125 0.671875 0.1140625 0.6765625 0.1890625 0.6734375 0.2140625 0.665625 0.234375 0.665625 0.2421875 0.6734375 0.2625 0.684375 0.3234375 0.68125 0.328125 0.6625 0.334375 0.6625 0.35 0.6609375 0.3515625 0.640625 0.3515625 0.6359375 0.3484375 0.634375 0.3421875 0.65 0.325 0.6484375 0.2859375 0.640625 0.2609375 0.640625 0.2359375 0.6375 0.225 0.6375 0.2140625 0.6328125 0.209375 0.6359375 0.203125 0.634375 0.1828125 0.61875 0.165625 0.6125 0.1546875 0.6125 0.1484375 0.6171875 0.1453125 0.6265625 0.146875 0.6328125 0.1546875 0.6390625 0.1484375 0.64375 0.1171875 0.64375 0.096875 0.6359375 0.0921875 0.63125 0.0859375 0.625 0.065625 0.625 0.0578125 0.6328125 0.04375 0.640625 0.04375
3 0.675 0.375 0.6875 0.384375 0.6953125 0.4 0.696875 0.415625 0.690625 0.4296875 0.6890625 0.44375 0.6921875 0.4515625 0.7078125 0.4640625 0.725 0.4890625 0.728125 0.5 0.728125 0.515625 0.73125 0.5265625 0.73125 0.546875 0.7328125 0.5484375 0.7296875 0.578125 0.7265625 0.584375 0.7140625 0.5953125 0.7125 0.609375 0.7046875 0.628125 0.70625 0.675 0.7 0.6953125 0.7 0.8203125 0.696875 0.8265625 0.6984375 0.8734375 0.69375 0.8859375 0.684375 0.8875 0.6796875 0.8796875 0.6796875 0.8671875 0.6828125 0.8578125 0.684375 0.8171875 0.675 0.809375 0.6703125 0.8125 0.66875 0.8203125 0.665625 0.8234375 0.6609375 0.825 0.6546875 0.8203125 0.6546875 0.7734375 0.65 0.7609375 0.65 0.7234375 0.640625 0.659375 0.6453125 0.65 0.65 0.6484375 0.6609375 0.6484375 0.66875 0.6515625 0.671875 0.6484375 0.6796875 0.646875 0.6859375 0.640625 0.690625 0.63125 0.690625 0.6234375 0.69375 0.615625 0.6921875 0.5875 0.696875 0.58125 0.696875 0.5671875 0.7046875 0.5578125 0.7046875 0.55 0.7 0.540625 0.696875 0.5171875 0.6890625 0.5109375 0.6765625 0.5125 0.6703125 0.51875 0.6625 0.546875 0.6578125 0.55 0.6484375 0.5515625 0.6390625 0.5609375 0.6390625 0.575 0.64375 0.584375 0.646875 0.6078125 0.6453125 0.63125 0.64375 0.6328125 0.64375 0.6296875 0.6359375 0.6203125 0.6265625 0.5984375 0.61875 0.61875 0.61875 0.640625 0.609375 0.646875 0.60625 0.63125 0.60625 0.621875 0.609375 0.6171875 0.609375 0.59375 0.60625 0.58125 0.60625 0.5671875 0.6109375 0.5546875 0.6125 0.528125 0.61875 0.5140625 0.6234375 0.478125 0.6359375 0.4546875 0.6453125 0.4484375 0.6546875 0.446875 0.6578125 0.4421875 0.6578125 0.434375 0.6515625 0.421875 0.653125 0.4 0.659375 0.384375 0.6671875 0.378125 0.6734375 0.3765625
3 0.79375 0.46875 0.8 0.475 0.8078125 0.4890625 0.8125 0.509375 0.8125 0.51875 0.8265625 0.5328125 0.828125 0.5640625 0.8359375 0.5734375 0.840625 0.5859375 0.8453125 0.6328125 0.8453125 0.65625 0.840625 0.678125 0.8421875 0.7234375 0.8375 0.7390625 0.8359375 0.765625 0.8328125 0.771875 0.8328125 0.803125 0.834375 0.8046875 0.8328125 0.8203125 0.828125 0.825 0.821875 0.821875 0.821875 0.8171875 0.8140625 0.7984375 0.8109375 0.7984375 0.80625 0.803125 0.8015625 0.8125 0.7890625 0.8 0.784375 0.803125 0.78125 0.8296875 0.784375 0.85625 0.784375 0.8734375 0.7828125 0.875 0.784375 0.9125 0.7796875 0.9234375 0.76875 0.93125 0.7640625 0.9421875 0.7546875 0.95 0.75 0.95 0.74375 0.9453125 0.7453125 0.928125 0.7546875 0.915625 0.7609375 0.9015625 0.75625 0.8828125 0.7546875 0.80625 0.753125 0.790625 0.7484375 0.7765625 0.7484375 0.7390625 0.7515625 0.725 0.7484375 0.678125 0.7515625 0.671875 0.753125 0.65625 0.753125 0.6171875 0.7515625 0.615625 0.7515625 0.5890625 0.753125 0.5875 0.7515625 0.584375 0.7546875 0.5765625 0.75625 0.5609375 0.7640625 0.5515625 0.7671875 0.5359375 0.765625 0.5328125 0.765625 0.5140625 0.7671875 0.5125 0.7625 0.5046875 0.7625 0.4875 0.7765625 0.46875 0.7796875 0.4671875 0.7921875 0.46875