0 0.1992057484375 0.3986953703125 0.1987450828125 0.39399444375 0.18278895625 0.3941879625 0.184 0.40377314843749995 0.18630408437499998 0.405277778125 0.196748109375 0.4050898140625 0.1992057484375 0.3986953703125
1 0.5234375 0.9046875 0.5265625 0.9109375 0.5171875 0.921875 0.51875 0.928125 0.5234375 0.9328125 0.5234375 0.9671875 0.5140625 0.990625 0.50625 0.9953125 0.496875 0.9953125 0.490625 0.984375 0.484375 0.98125 0.48125 0.9765625 0.4796875 0.971875 0.48125 0.925 0.478125 0.9203125 0.478125 0.9140625 0.4875 0.9109375 0.4921875 0.90625 0.49375 0.89375 0.5 0.8875 0.5078125 0.8875 0.5125 0.896875 0.5125 0.9015625 0.515625 0.9046875 0.521875 0.9046875
1 0.0515625 0.3140625 0.0578125 0.3140625 0.0625 0.3171875 0.075 0.3328125 0.0734375 0.334375 0.075 0.346875 0.071875 0.3546875 0.071875 0.371875 0.06875 0.38125 0.0546875 0.3828125 0.0453125 0.378125 0.04375 0.3765625 0.04375 0.3359375 0.0484375 0.33125 0.0515625 0.315625
2 0.2 0.396875 0.203125 0.4015625 0.203125 0.4078125 0.2 0.4109375 0.190625 0.409375 0.18125 0.4109375 0.178125 0.4046875 0.18125 0.396875 0.1859375 0.3953125 0.1984375 0.396875
2 0.53203125 0.7265625 0.01484375 0.0265625
2 0.1171875 0.3328125 0.121875 0.3328125 0.125 0.3375 0.1234375 0.3453125 0.11875 0.3453125 0.115625 0.340625 0.1171875 0.334375
2 0.2 0.396875 0.203125 0.4015625 0.2015625 0.4109375 0.196875 0.4109375 0.1921875 0.4078125 0.1921875 0.4015625 0.1984375 0.396875
2 0.5078125 0.8796875 0.5109375 0.8875 0.5125 0.9015625 0.5078125 0.90625 0.4984375 0.9078125 0.4921875 0.9046875 0.4921875 0.884375 0.50625 0.88125
2 0.146875 0.3015625 0.1515625 0.3078125 0.15 0.3203125 0.1453125 0.321875 0.14375 0.3171875 0.1453125 0.303125
2 0.0640625 0.3046875 0.0703125 0.3046875 0.075 0.3125 0.0734375 0.3203125 0.0703125 0.321875 0.0640625 0.3203125 0.0625 0.315625 0.0640625 0.30625
2 0.178125 0.3984375 0.1828125 0.3984375 0.1859375 0.4046875 0.1828125 0.4125 0.178125 0.4109375 0.178125 0.4
3 0.5046875 0.61875 0.5109375 0.61875 0.5234375 0.63125 0.5265625 0.6703125 0.5234375 0.678125 0.5234375 0.6859375 0.51875 0.69375 0.5171875 0.7015625 0.5203125 0.7109375 0.5265625 0.7171875 0.53125 0.7171875 0.5359375 0.7234375 0.53125 0.7375 0.5328125 0.7703125 0.534375 0.771875 0.534375 0.8359375 0.5328125 0.8453125 0.5265625 0.859375 0.5265625 0.9015625 0.515625 0.903125 0.5078125 0.8875 0.4984375 0.8875 0.4953125 0.89375 0.49375 0.8921875 0.4890625 0.8765625 0.4890625 0.865625 0.478125 0.846875 0.4765625 0.840625 0.478125 0.83125 0.4765625 0.8109375 0.4796875 0.7921875 0.4796875 0.7734375 0.4765625 0.7578125 0.478125 0.7140625 0.4828125 0.6921875 0.49375 0.675 0.4953125 0.6359375 0.5 0.625 0.5046875 0.6203125
3 0.2015625 0.35 0.2140625 0.3671875 0.221875 0.396875 0.2203125 0.4140625 0.2109375 0.425 0.2140625 0.44375 0.2140625 0.475 0.209375 0.51875 0.2109375 0.5234375 0.209375 0.5609375 0.2140625 0.56875 0.2234375 0.6046875 0.2203125 0.6109375 0.215625 0.6109375 0.209375 0.6046875 0.2078125 0.5875 0.203125 0.5828125 0.2015625 0.584375 0.1953125 0.5828125 0.19375 0.5796875 0.1875 0.5328125 0.1828125 0.515625 0.18125 0.4953125 0.1703125 0.459375 0.1703125 0.4328125 0.1609375 0.425 0.1578125 0.4140625 0.1625 0.3734375 0.1671875 0.359375 0.171875 0.3578125 0.175 0.353125 0.1734375 0.3375 0.1765625 0.325 0.18125 0.321875 0.1890625 0.325 0.1953125 0.3453125 0.2 0.35
3 0.146875 0.3203125 0.14375 0.3171875 0.1421875 0.31875 0.1421875 0.3515625 0.146875 0.3875 0.146875 0.409375 0.1546875 0.4234375 0.15625 0.4375 0.15 0.440625 0.14375 0.4359375 0.140625 0.428125 0.13125 0.4328125 0.128125 0.4265625 0.128125 0.415625 0.121875 0.3890625 0.11875 0.3578125 0.11875 0.334375 0.1203125 0.3296875 0.1234375 0.328125 0.1203125 0.296875 0.1125 0.2640625 0.1015625 0.2421875 0.103125 0.2359375 0.1015625 0.2140625 0.103125 0.2015625 0.1078125 0.1890625 0.1171875 0.184375 0.128125 0.20625 0.128125 0.2203125 0.140625 0.2390625 0.1421875 0.2578125 0.15 0.296875 0.1484375 0.31875
3 0.084375 0.1984375 0.0890625 0.2046875 0.096875 0.2421875 0.103125 0.25 0.1125 0.2703125 0.1203125 0.3203125 0.1203125 0.328125 0.1171875 0.33125 0.1140625 0.328125 0.1109375 0.3296875 0.10625 0.3546875 0.1046875 0.4421875 0.1078125 0.453125 0.10625 0.45625 0.1 0.459375 0.0984375 0.4734375 0.09375 0.48125 0.0875 0.475 0.084375 0.4453125 0.0796875 0.428125 0.078125 0.3984375 0.0734375 0.38125 0.0734375 0.3296875 0.0640625 0.321875 0.0609375 0.315625 0.053125 0.3109375 0.05 0.303125 0.05 0.28125 0.05625 0.246875 0.059375 0.2421875 0.06875 0.2375 0.071875 0.2265625 0.0734375 0.20625 0.078125 0.1984375 0.0828125 0.1984375