0 0.6729137015625 0.18677314843749998 0.6817244515625001 0.18743333281250002 0.6835230890624999 0.16741296249999998 0.67435200625 0.1693925921875 0.6645230890625 0.16949444375 0.6676994703125 0.196452778125 0.6705760781250001 0.1957925921875 0.6729137015625 0.18677314843749998
0 0.601361090625 0.6358740734375 0.6048576828125001 0.6358740734375 0.6132914453125 0.6610416671875 0.622959121875 0.639146296875 0.5973436796875 0.6214120375000001 0.59251551875 0.62178055625 0.5785283875 0.6537425921875 0.5803792578125 0.6565111109374999 0.585110521875 0.662802778125 0.590046934375 0.652484259375 0.5939553375 0.658021296875 0.5951900078125 0.6514777781250001 0.5986866015625 0.637384259375 0.601361090625 0.6358740734375
0 0.6046517796875001 0.68495 0.606091596875 0.6884740734375 0.6176109015625 0.6927518515625 0.62337093125 0.6852018515625 0.6122626796875 0.6635583328125 0.6050635875 0.6371324078125 0.6015662374999999 0.6366296296875 0.5990984109374999 0.6404046296875 0.5958069640625 0.6497166671875 0.5956010593750001 0.6575175921875 0.5980696437499999 0.66129351875 0.6003323234375 0.6668296296875 0.6001264187500001 0.6746314812499999 0.6046517796875001 0.68495
0 0.585829675 0.6646675921874999 0.584493565625 0.6668296296875 0.5894299765625 0.6733731484375001 0.600538228125 0.6889768515625 0.6042407265625 0.6874666671874999 0.600538228125 0.6766453703125 0.5999205140625 0.66708148125 0.597657834375 0.66154444375 0.5892240734375 0.6544981484375 0.585829675 0.6646675921874999
0 0.5509621499999999 0.675096296875 0.5500227093750001 0.6909981484375 0.5473580625000001 0.7530074078125 0.5788970484375 0.755947221875 0.577996215625 0.6986166671875 0.5686843296874999 0.6905314812500001 0.5608743375 0.68501944375 0.55727025 0.6559861109375 0.55216426875 0.6471666671875 0.5473580625000001 0.6449611109375 0.5470575328125 0.665909259375 0.5509621499999999 0.675096296875
0 0.5671824375 0.6460638890625 0.5581710828124999 0.660396296875 0.5608743375 0.6809768515625 0.577094625 0.6975138890625 0.5849046171875 0.6945740734375 0.5879084031249999 0.674728703125 0.5819008328125 0.665909259375 0.5822013625 0.660396296875 0.579197578125 0.65745648125 0.577094625 0.6523111109374999 0.5671824375 0.6460638890625
0 0.5981211203125001 0.7081722218750001 0.592714609375 0.70523148125 0.5843035578125 0.7041296296875 0.584003784375 0.746759259375 0.592714609375 0.738675 0.5981211203125001 0.731325 0.5981211203125001 0.7081722218750001
1 0.665625 0.21953125 0.03046875 0.084375
2 0.665625 0.15 0.66875 0.1546875 0.66875 0.16875 0.665625 0.1765625 0.6609375 0.175 0.659375 0.16875 0.659375 0.1546875 0.6640625 0.15
2 0.5875 0.675 0.5921875 0.678125 0.59375 0.6828125 0.6 0.6890625 0.5984375 0.709375 0.5953125 0.7125 0.590625 0.7109375 0.5859375 0.70625 0.5875 0.6765625
2 0.68125 0.1875 0.6828125 0.2015625 0.675 0.2015625 0.671875 0.196875 0.6734375 0.1890625 0.6796875 0.1875
3 0.61875 0.48125 0.6265625 0.484375 0.6390625 0.5046875 0.640625 0.534375 0.634375 0.55 0.634375 0.55625 0.65 0.5796875 0.6578125 0.596875 0.659375 0.6078125 0.665625 0.625 0.6671875 0.6453125 0.6640625 0.65625 0.6640625 0.65 0.6609375 0.646875 0.653125 0.6421875 0.64375 0.6421875 0.6328125 0.6515625 0.63125 0.6609375 0.6265625 0.6640625 0.6265625 0.6796875 0.6234375 0.6828125 0.6203125 0.69375 0.6203125 0.721875 0.6265625 0.740625 0.6359375 0.75 0.6359375 0.7609375 0.628125 0.771875 0.628125 0.784375 0.6203125 0.8140625 0.6203125 0.8359375 0.615625 0.8421875 0.6171875 0.846875 0.6140625 0.853125 0.6140625 0.8984375 0.6171875 0.9078125 0.6171875 0.9203125 0.603125 0.940625 0.5984375 0.9453125 0.590625 0.9484375 0.5859375 0.9484375 0.58125 0.9453125 0.5796875 0.9328125 0.5859375 0.9171875 0.596875 0.9078125 0.6 0.9 0.5921875 0.8640625 0.5890625 0.8578125 0.5890625 0.85 0.584375 0.8390625 0.584375 0.8234375 0.58125 0.8125 0.5765625 0.771875 0.578125 0.759375 0.58125 0.7546875 0.578125 0.7484375 0.58125 0.734375 0.5875 0.740625 0.5953125 0.73125 0.5984375 0.7203125 0.596875 0.703125 0.5921875 0.7015625 0.590625 0.6984375 0.5921875 0.6859375 0.5953125 0.684375 0.6 0.6890625 0.6046875 0.678125 0.6015625 0.6734375 0.6015625 0.6671875 0.596875 0.6625 0.5921875 0.6640625 0.5859375 0.6609375 0.584375 0.6546875 0.575 0.6484375 0.5703125 0.646875 0.5609375 0.6484375 0.5578125 0.640625 0.5625 0.61875 0.571875 0.6109375 0.5796875 0.5890625 0.58125 0.56875 0.59375 0.546875 0.59375 0.5 0.6 0.4875 0.6078125 0.4828125 0.6171875 0.48125
3 0.6921875 0.0484375 0.6953125 0.053125 0.6921875 0.0640625 0.69375 0.071875 0.7 0.0796875 0.7078125 0.084375 0.715625 0.103125 0.715625 0.171875 0.71875 0.1859375 0.71875 0.2203125 0.715625 0.234375 0.715625 0.246875 0.7171875 0.2484375 0.7171875 0.275 0.7203125 0.2875 0.7203125 0.328125 0.71875 0.3296875 0.7203125 0.365625 0.71875 0.3703125 0.7140625 0.3734375 0.7078125 0.3703125 0.7109375 0.3328125 0.709375 0.33125 0.7078125 0.296875 0.7 0.265625 0.696875 0.2671875 0.6953125 0.2984375 0.6921875 0.3109375 0.69375 0.325 0.6921875 0.3359375 0.66875 0.3359375 0.665625 0.3328125 0.665625 0.3234375 0.6765625 0.3171875 0.6828125 0.3015625 0.6828125 0.25625 0.68125 0.2546875 0.6796875 0.2078125 0.6734375 0.196875 0.675 0.1890625 0.6796875 0.1875 0.6828125 0.1828125 0.68125 0.15 0.678125 0.1484375 0.66875 0.159375 0.665625 0.1734375 0.6640625 0.175 0.6609375 0.1703125 0.6609375 0.1546875 0.66875 0.1390625 0.6765625 0.10625 0.6671875 0.0859375 0.6671875 0.071875 0.6703125 0.0625 0.675 0.0578125 0.684375 0.05625 0.690625 0.05
3 0.65625 0.64375 0.6609375 0.6484375 0.6625 0.65625 0.671875 0.671875 0.6796875 0.6953125 0.68125 0.7125 0.6890625 0.7234375 0.6890625 0.728125 0.7015625 0.75625 0.6984375 0.7828125 0.7015625 0.79375 0.7015625 0.80625 0.709375 0.828125 0.7140625 0.8515625 0.7125 0.921875 0.7078125 0.9359375 0.70625 0.965625 0.703125 0.975 0.703125 0.9828125 0.7078125 0.9921875 0.70625 0.9984375 0.6234375 0.9984375 0.6234375 0.971875 0.6171875 0.94375 0.6171875 0.934375 0.621875 0.9234375 0.621875 0.9046875 0.61875 0.8953125 0.61875 0.8671875 0.6203125 0.8578125 0.6234375 0.853125 0.621875 0.8390625 0.6234375 0.8375 0.6234375 0.8125 0.6265625 0.80625 0.628125 0.7921875 0.63125 0.7875 0.63125 0.775 0.6390625 0.765625 0.6421875 0.75625 0.640625 0.75 0.6265625 0.7359375 0.621875 0.709375 0.625 0.6921875 0.6296875 0.68125 0.6296875 0.6703125 0.634375 0.6625 0.634375 0.6546875 0.6375 0.65 0.6546875 0.64375