2 0.0375 0.2328125 0.0421875 0.23125 0.0484375 0.2375 0.046875 0.246875 0.04375 0.25 0.0375 0.240625 0.0375 0.234375
2 0.3921875 0.7203125 0.396875 0.725 0.396875 0.7375 0.39375 0.7390625 0.384375 0.7328125 0.384375 0.725 0.3859375 0.721875 0.390625 0.7203125
2 0.234375 0.8625 0.2328125 0.85625 0.234375 0.8296875 0.2390625 0.825 0.24375 0.825 0.246875 0.828125 0.25 0.8328125 0.2515625 0.84375 0.25 0.8453125 0.25 0.8609375 0.24375 0.8640625 0.2359375 0.8625
2 0.096875 0.3296875 0.103125 0.33125 0.1078125 0.34375 0.10625 0.3484375 0.1 0.3515625 0.096875 0.35 0.0953125 0.3421875 0.096875 0.33125
2 0.678125 0.309375 0.684375 0.3140625 0.6859375 0.3203125 0.6828125 0.3234375 0.671875 0.321875 0.6765625 0.3109375
2 0.23443507968750002 0.7603666671875 0.231717540625 0.7618731484375 0.231717540625 0.77121851875 0.24085952968750002 0.781165740625 0.24609795 0.7633324078125 0.23789445781250002 0.75584444375 0.237153378125 0.7594620375 0.23443507968750002 0.7603666671875
1 0.3109375 0.909375 0.3171875 0.928125 0.3203125 0.953125 0.31875 0.971875 0.315625 0.98125 0.3109375 0.9859375 0.29375 0.975 0.246875 0.9734375 0.2421875 0.9671875 0.2390625 0.95625 0.2390625 0.9390625 0.24375 0.925 0.253125 0.9375 0.2640625 0.9390625 0.2734375 0.9328125 0.278125 0.9328125 0.2859375 0.925 0.303125 0.9171875 0.30625 0.9109375 0.309375 0.909375
0 0.23189673437499997 0.27151851875 0.2283135921875 0.2726111109375 0.2303295375 0.28271944375 0.2321207296875 0.2909148140625 0.23458390312500002 0.2887296296875 0.23794305312500003 0.2791675921875 0.23883826875 0.2685129625 0.23189673437499997 0.27151851875
2 0.244831434375 0.29032685156250004 0.245411540625 0.273334259375 0.2463401671875 0.27064444375 0.2387957484375 0.270077778125 0.2370546703125 0.2857953703125 0.238680334375 0.29004351875 0.24309035625000003 0.2906101859375 0.244831434375 0.29032685156250004
2 0.2001457859375 0.251028703125 0.2032794234375 0.2442324078125 0.2010744109375 0.2394175921875 0.19749962031249998 0.23713148125 0.195154896875 0.24465648125 0.19631586875 0.2483379625 0.2001457859375 0.251028703125
3 0.05 0.1515625 0.059375 0.1671875 0.0640625 0.1828125 0.0640625 0.1921875 0.059375 0.2 0.0578125 0.215625 0.053125 0.21875 0.05 0.225 0.0484375 0.240625 0.04375 0.25 0.0375 0.2390625 0.0375 0.215625 0.0390625 0.2140625 0.0375 0.1890625 0.040625 0.1578125 0.04375 0.153125 0.0484375 0.1515625
3 0.3296875 0.6671875 0.3359375 0.671875 0.340625 0.6828125 0.3390625 0.7265625 0.346875 0.746875 0.353125 0.746875 0.3640625 0.7578125 0.3734375 0.759375 0.378125 0.7515625 0.3859375 0.7234375 0.3921875 0.721875 0.3953125 0.725 0.3953125 0.7359375 0.3921875 0.7390625 0.390625 0.75 0.390625 0.7625 0.384375 0.7796875 0.375 0.7921875 0.36875 0.7921875 0.359375 0.7984375 0.3609375 0.825 0.3640625 0.8328125 0.3625 0.8390625 0.3640625 0.8609375 0.371875 0.8890625 0.371875 0.8984375 0.35625 0.9140625 0.3546875 0.91875 0.35 0.953125 0.35 0.9828125 0.346875 0.9984375 0.3171875 0.9984375 0.315625 0.996875 0.321875 0.9671875 0.321875 0.9484375 0.3203125 0.946875 0.3203125 0.928125 0.3140625 0.9078125 0.3125 0.89375 0.3140625 0.8921875 0.3125 0.8859375 0.3140625 0.859375 0.3109375 0.8328125 0.3078125 0.8234375 0.3125 0.796875 0.3109375 0.7953125 0.30625 0.8 0.3 0.7953125 0.2921875 0.7796875 0.2921875 0.775 0.2859375 0.765625 0.2859375 0.7578125 0.29375 0.7390625 0.2984375 0.734375 0.3015625 0.734375 0.30625 0.728125 0.3078125 0.6984375 0.3125 0.678125 0.3203125 0.66875 0.328125 0.6671875
3 0.2 0.2484375 0.1953125 0.2421875 0.1953125 0.234375 0.203125 0.225 0.203125 0.215625 0.215625 0.190625 0.2140625 0.1578125 0.215625 0.153125 0.221875 0.1484375 0.2265625 0.1484375 0.2296875 0.1515625 0.23125 0.1703125 0.2421875 0.1890625 0.2421875 0.1953125 0.2453125 0.2015625 0.2453125 0.2203125 0.2484375 0.240625 0.246875 0.246875 0.2484375 0.2734375 0.2453125 0.284375 0.2453125 0.3359375 0.2390625 0.340625 0.240625 0.3578125 0.2359375 0.3578125 0.234375 0.3546875 0.2328125 0.3296875 0.2171875 0.3171875 0.21875 0.2609375 0.2171875 0.259375 0.215625 0.221875 0.2140625 0.2203125 0.209375 0.2234375 0.2046875 0.2296875 0.2 0.246875
3 0.6921875 0.2671875 0.696875 0.26875 0.703125 0.278125 0.70625 0.3015625 0.7109375 0.3078125 0.7125 0.321875 0.6953125 0.3265625 0.690625 0.3203125 0.6875 0.3203125 0.671875 0.3328125 0.665625 0.3328125 0.6625 0.328125 0.6578125 0.3 0.665625 0.2890625 0.6703125 0.2890625 0.6734375 0.2859375 0.675 0.2765625 0.6796875 0.26875 0.690625 0.2671875
3 0.059375 0.2171875 0.065625 0.221875 0.06875 0.228125 0.0671875 0.246875 0.06875 0.2546875 0.075 0.2625 0.0765625 0.2765625 0.0828125 0.290625 0.0859375 0.303125 0.0859375 0.315625 0.0796875 0.321875 0.08125 0.35625 0.0796875 0.3609375 0.0734375 0.3671875 0.075 0.3765625 0.0734375 0.40625 0.0796875 0.453125 0.0796875 0.4734375 0.075 0.4765625 0.0703125 0.4671875 0.071875 0.4296875 0.0671875 0.415625 0.0671875 0.4 0.0640625 0.390625 0.059375 0.396875 0.0578125 0.4046875 0.0578125 0.4296875 0.053125 0.459375 0.0546875 0.4765625 0.0515625 0.4796875 0.0453125 0.478125 0.040625 0.4734375 0.040625 0.4640625 0.0453125 0.4484375 0.04375 0.3625 0.046875 0.353125 0.046875 0.3375 0.04375 0.321875 0.0328125 0.315625 0.0328125 0.290625 0.0375 0.26875 0.053125 0.2546875 0.0515625 0.225 0.0546875 0.21875 0.0578125 0.2171875
3 0.0875 0.29375 0.08125 0.2859375 0.0765625 0.2640625 0.0703125 0.25625 0.06875 0.246875 0.0703125 0.228125 0.059375 0.2140625 0.0609375 0.2 0.0640625 0.19375 0.0703125 0.1921875 0.0765625 0.1984375 0.0796875 0.2171875 0.0921875 0.234375 0.09375 0.2671875 0.0921875 0.26875 0.0921875 0.2875 0.0890625 0.2921875
3 0.1046875 0.1875 0.109375 0.19375 0.1109375 0.2078125 0.109375 0.215625 0.1203125 0.2234375 0.1265625 0.2375 0.1265625 0.253125 0.1296875 0.265625 0.1296875 0.2953125 0.128125 0.296875 0.128125 0.3328125 0.121875 0.340625 0.1140625 0.3453125 0.10625 0.3453125 0.103125 0.3484375 0.0984375 0.3484375 0.0953125 0.3234375 0.1 0.296875 0.1015625 0.234375 0.0953125 0.225 0.090625 0.20625 0.0921875 0.1921875 0.0984375 0.1875 0.103125 0.1875
3 0.2796875 0.7609375 0.28125 0.765625 0.2875 0.771875 0.2984375 0.8015625 0.3015625 0.8046875 0.309375 0.8390625 0.3109375 0.9140625 0.315625 0.9296875 0.31875 0.9578125 0.3171875 0.971875 0.309375 0.9984375 0.2578125 0.9984375 0.25625 0.9953125 0.2578125 0.9890625 0.2546875 0.978125 0.24375 0.9703125 0.240625 0.959375 0.240625 0.9328125 0.2453125 0.884375 0.240625 0.8671875 0.234375 0.8609375 0.234375 0.83125 0.2390625 0.8265625 0.24375 0.8265625 0.2515625 0.834375 0.2578125 0.8328125 0.253125 0.8078125 0.2546875 0.7796875 0.25625 0.775 0.2625 0.76875 0.2671875 0.7671875 0.2703125 0.7625 0.278125 0.7609375
3 0.29375 0.1046875 0.3 0.1140625 0.296875 0.165625 0.29375 0.171875 0.2796875 0.178125 0.2796875 0.1984375 0.278125 0.2 0.271875 0.1984375 0.271875 0.1828125 0.2703125 0.18125 0.271875 0.1671875 0.2703125 0.165625 0.278125 0.1390625 0.284375 0.1265625 0.2875 0.109375 0.2921875 0.10625