0 0.4761995453125 0.32670555625 0.475984825 0.3537824078125 0.48050607031250003 0.354571296875 0.4837359640625 0.35325648125 0.4854582703125 0.3288083328125 0.4854582703125 0.32512777812500004 0.4826593328125 0.32451944374999997 0.478999240625 0.32328796249999997 0.4761995453125 0.32670555625
1 0.48125 0.3796875 0.484375 0.38125 0.4921875 0.3984375 0.490625 0.4328125 0.484375 0.4359375 0.475 0.4265625 0.4734375 0.421875 0.475 0.3953125 0.4765625 0.3859375 0.4796875 0.38125
1 0.1765625 0.6046875 0.1796875 0.6078125 0.1828125 0.621875 0.1921875 0.640625 0.2046875 0.6515625 0.209375 0.6609375 0.215625 0.6671875 0.228125 0.675 0.228125 0.6875 0.2203125 0.696875 0.2109375 0.6671875 0.203125 0.6609375 0.184375 0.634375 0.18125 0.6234375 0.178125 0.6203125 0.1765625 0.60625
2 0.484375 0.3578125 0.4859375 0.359375 0.4859375 0.378125 0.4828125 0.378125 0.4796875 0.3734375 0.4796875 0.3625 0.4828125 0.359375
2 0.5078125 0.2953125 0.5109375 0.296875 0.5109375 0.30625 0.5078125 0.309375 0.5046875 0.3078125 0.5046875 0.3 0.5078125 0.296875
2 0.171875 0.7015625 0.171875 0.690625 0.175 0.684375 0.1796875 0.6890625 0.18125 0.696875 0.1796875 0.7015625 0.1765625 0.703125 0.1734375 0.7015625
2 0.8453125 0.884375 0.8515625 0.8890625 0.853125 0.8984375 0.85 0.90625 0.840625 0.9078125 0.8390625 0.9046875 0.8375 0.8953125 0.84375 0.8859375
2 0.5328125 0.34453125 0.00859375 0.01328125
2 0.834375 0.86875 0.840625 0.878125 0.840625 0.8859375 0.8359375 0.8953125 0.8296875 0.8921875 0.8265625 0.8828125 0.8265625 0.875 0.8328125 0.86875
1 0.47433535625 0.2598453703125 0.473474203125 0.2637 0.47060394531250005 0.2698324078125 0.472039453125 0.271759259375 0.47691805781249996 0.2777166671875 0.4774924125 0.276665740625 0.4787837625 0.27403703749999997 0.48079286874999994 0.2708833328125 0.481309559375 0.2646166671875 0.48124203281250005 0.24563981406250002 0.4797936265625 0.24563981406250002 0.48003490156249995 0.2621481484375 0.47737936249999996 0.26023148125 0.47750000000000004 0.24829351875 0.47641350468750004 0.247409259375 0.47577010625 0.25914444375 0.4750523515625 0.25914444375 0.47433535625 0.2598453703125
3 0.53125 0.221875 0.534375 0.2296875 0.534375 0.2453125 0.5375 0.25 0.5390625 0.2703125 0.5359375 0.278125 0.534375 0.2765625 0.53125 0.278125 0.5296875 0.2921875 0.5265625 0.3 0.525 0.315625 0.5296875 0.334375 0.528125 0.3609375 0.5265625 0.3765625 0.5234375 0.3796875 0.5234375 0.3875 0.5203125 0.3921875 0.5171875 0.3703125 0.515625 0.309375 0.5125 0.296875 0.509375 0.303125 0.50625 0.3015625 0.50625 0.284375 0.5109375 0.2578125 0.515625 0.2453125 0.521875 0.2375 0.521875 0.2265625 0.5265625 0.2203125 0.5296875 0.221875
3 0.5546875 0.2671875 0.559375 0.26875 0.5625 0.275 0.5671875 0.3 0.5671875 0.328125 0.5609375 0.3390625 0.5609375 0.35625 0.5578125 0.36875 0.5578125 0.390625 0.559375 0.3921875 0.559375 0.4171875 0.5578125 0.41875 0.5625 0.43125 0.5609375 0.4359375 0.5578125 0.4375 0.5515625 0.4359375 0.5515625 0.4203125 0.546875 0.415625 0.54375 0.421875 0.5390625 0.421875 0.5375 0.4171875 0.5390625 0.4 0.5359375 0.3859375 0.5359375 0.3546875 0.5296875 0.346875 0.5328125 0.3328125 0.5296875 0.3296875 0.5265625 0.315625 0.53125 0.284375 0.540625 0.265625 0.5390625 0.2609375 0.540625 0.24375 0.5453125 0.240625 0.55 0.24375 0.553125 0.2671875
3 0.4703125 0.2421875 0.4625 0.2328125 0.4578125 0.23125 0.4578125 0.2109375 0.4609375 0.20625 0.4625 0.1921875 0.4671875 0.1890625 0.475 0.2140625 0.471875 0.240625
3 0.203125 0.6046875 0.209375 0.6125 0.209375 0.6203125 0.2265625 0.6640625 0.2265625 0.671875 0.2234375 0.6703125 0.215625 0.671875 0.221875 0.7140625 0.221875 0.7453125 0.2265625 0.75 0.2265625 0.7609375 0.221875 0.7765625 0.2140625 0.7796875 0.2109375 0.7859375 0.215625 0.80625 0.2140625 0.8109375 0.2109375 0.8109375 0.2015625 0.8 0.2078125 0.753125 0.2046875 0.7234375 0.1984375 0.709375 0.1921875 0.703125 0.1828125 0.696875 0.175 0.696875 0.175 0.675 0.16875 0.6625 0.16875 0.6171875 0.1796875 0.5921875 0.178125 0.5640625 0.18125 0.553125 0.184375 0.55 0.1890625 0.55 0.19375 0.5578125 0.196875 0.5734375 0.1953125 0.5921875 0.2015625 0.6046875
3 0.490625 0.3953125 0.4859375 0.3828125 0.4765625 0.378125 0.4734375 0.3578125 0.4734375 0.3453125 0.4765625 0.340625 0.4765625 0.3171875 0.48125 0.303125 0.48125 0.2875 0.4765625 0.278125 0.475 0.265625 0.4796875 0.2625 0.49375 0.2625 0.4953125 0.2671875 0.4953125 0.33125 0.496875 0.3328125 0.4984375 0.36875 0.4921875 0.3828125 0.4921875 0.3953125
3 0.4875 0.1875 0.490625 0.1890625 0.49375 0.20625 0.5 0.21875 0.5 0.2453125 0.4984375 0.246875 0.5 0.26875 0.4984375 0.271875 0.4953125 0.2703125 0.4953125 0.2640625 0.490625 0.259375 0.4875 0.259375 0.484375 0.2640625 0.478125 0.2578125 0.4765625 0.2515625 0.4765625 0.2171875 0.48125 0.209375 0.48125 0.1921875 0.4859375 0.1875
3 0.86875 0.7625 0.875 0.775 0.878125 0.846875 0.88125 0.8609375 0.88125 0.8734375 0.8703125 0.8953125 0.8625 0.9015625 0.8546875 0.903125 0.846875 0.9078125 0.840625 0.9078125 0.8375 0.9046875 0.8375 0.8984375 0.83125 0.8953125 0.8265625 0.8796875 0.8140625 0.8671875 0.8109375 0.853125 0.8109375 0.8296875 0.8203125 0.8140625 0.8234375 0.8125 0.8421875 0.7875 0.8546875 0.765625 0.859375 0.7625 0.8671875 0.7625
3 0.4609375 0.2296875 0.471875 0.2453125 0.4734375 0.2546875 0.471875 0.271875 0.4765625 0.2828125 0.4765625 0.3125 0.4703125 0.328125 0.4671875 0.3296875 0.4609375 0.328125 0.45625 0.31875 0.4578125 0.2734375 0.4515625 0.2578125 0.4515625 0.25 0.4546875 0.2375 0.459375 0.23125