0 0.5916441578125 0.3197384046875 0.5705280734375 0.3112847859375 0.5685895296875 0.31584137343749996 0.570276934375 0.3245519484375 0.592581184375 0.33119944375 0.5916441578125 0.3197384046875
1 0.546875 0.39375 0.5515625 0.4 0.55 0.4078125 0.5515625 0.4421875 0.5390625 0.4515625 0.5359375 0.45 0.5328125 0.4421875 0.5296875 0.409375 0.53125 0.396875 0.5375 0.39375 0.5453125 0.39375
2 0.94375 0.3703125 0.9453125 0.3734375 0.9390625 0.3859375 0.93125 0.38125 0.9296875 0.3734375 0.9359375 0.36875 0.9421875 0.3703125
2 0.54375 0.384375 0.546875 0.3859375 0.5484375 0.39375 0.546875 0.3953125 0.5359375 0.39375 0.5359375 0.3890625 0.5421875 0.3859375
0 0.9279833078124999 0.3755686453125 0.93286570625 0.3703469390625 0.9404931718749999 0.3668042671875 0.9283292875000001 0.3549610390625 0.9252374812499999 0.3612087203125 0.9218808796875001 0.3718395171875 0.9279833078124999 0.3755686453125
3 0.9 0.271875 0.909375 0.284375 0.9109375 0.296875 0.909375 0.2984375 0.9109375 0.334375 0.9078125 0.3375 0.8890625 0.3375 0.884375 0.3328125 0.8765625 0.3328125 0.875 0.3296875 0.8796875 0.315625 0.8828125 0.3125 0.884375 0.296875 0.8890625 0.28125 0.8984375 0.271875
3 0.515625 0.2015625 0.5203125 0.2015625 0.525 0.2078125 0.525 0.23125 0.5296875 0.2375 0.5265625 0.2453125 0.528125 0.2484375 0.525 0.253125 0.525 0.3046875 0.521875 0.3140625 0.521875 0.3234375 0.51875 0.3296875 0.51875 0.3453125 0.521875 0.35 0.5203125 0.359375 0.5234375 0.371875 0.521875 0.3765625 0.525 0.3875 0.5234375 0.396875 0.5265625 0.4140625 0.525 0.4171875 0.509375 0.4171875 0.5046875 0.409375 0.5046875 0.4046875 0.509375 0.3984375 0.509375 0.353125 0.5109375 0.3515625 0.509375 0.31875 0.5125 0.3078125 0.5125 0.3 0.509375 0.2921875 0.5078125 0.2515625 0.5109375 0.2328125 0.5109375 0.2140625 0.515625 0.203125
3 0.55 0.25 0.5546875 0.25625 0.553125 0.2984375 0.5546875 0.3 0.5546875 0.3234375 0.5578125 0.3359375 0.5578125 0.353125 0.5515625 0.371875 0.5515625 0.378125 0.5546875 0.384375 0.5546875 0.3890625 0.5515625 0.39375 0.553125 0.5046875 0.5578125 0.5109375 0.5578125 0.5171875 0.553125 0.5203125 0.5390625 0.515625 0.5375 0.5078125 0.5296875 0.4953125 0.5328125 0.471875 0.5328125 0.425 0.53125 0.4234375 0.5328125 0.4109375 0.53125 0.409375 0.53125 0.390625 0.528125 0.3828125 0.5234375 0.3484375 0.5234375 0.325 0.5265625 0.3109375 0.5265625 0.296875 0.53125 0.2875 0.53125 0.278125 0.534375 0.2734375 0.5359375 0.2578125 0.540625 0.25 0.5453125 0.2484375 0.5484375 0.25
3 0.85625 0.2515625 0.8625 0.2546875 0.865625 0.259375 0.8640625 0.2875 0.8671875 0.290625 0.8703125 0.303125 0.8734375 0.33125 0.8671875 0.334375 0.8578125 0.33125 0.84375 0.334375 0.8390625 0.34375 0.8375 0.3640625 0.8359375 0.365625 0.83125 0.3640625 0.8265625 0.36875 0.825 0.3765625 0.821875 0.371875 0.81875 0.3421875 0.828125 0.296875 0.8328125 0.2875 0.846875 0.2703125 0.8484375 0.2546875 0.8546875 0.253125
3 0.959375 0.28125 0.9640625 0.2859375 0.9703125 0.3140625 0.9703125 0.340625 0.96875 0.3421875 0.9703125 0.378125 0.9671875 0.39375 0.9640625 0.3984375 0.9640625 0.4265625 0.95625 0.4421875 0.9546875 0.453125 0.95 0.4625 0.9484375 0.475 0.95 0.5265625 0.9484375 0.53125 0.9515625 0.54375 0.9484375 0.55 0.9453125 0.5515625 0.9375 0.55 0.934375 0.5390625 0.9296875 0.5359375 0.928125 0.5296875 0.9328125 0.4984375 0.9328125 0.475 0.9390625 0.415625 0.9375 0.4125 0.9390625 0.3875 0.9296875 0.3765625 0.9390625 0.3625 0.94375 0.334375 0.9484375 0.325 0.946875 0.2859375 0.953125 0.28125 0.9578125 0.28125
3 0.48125 0.29375 0.490625 0.3125 0.4890625 0.3390625 0.4921875 0.3453125 0.4921875 0.371875 0.4890625 0.38125 0.4890625 0.4015625 0.4921875 0.41875 0.4921875 0.446875 0.490625 0.4546875 0.48125 0.4578125 0.478125 0.4640625 0.478125 0.490625 0.484375 0.5359375 0.484375 0.5609375 0.4796875 0.565625 0.475 0.565625 0.465625 0.5703125 0.4578125 0.565625 0.459375 0.55625 0.45625 0.534375 0.45625 0.5078125 0.4625 0.4578125 0.4609375 0.409375 0.4453125 0.4015625 0.44375 0.390625 0.446875 0.3859375 0.4609375 0.3859375 0.4640625 0.3828125 0.465625 0.3515625 0.4703125 0.3390625 0.4671875 0.321875 0.4671875 0.2984375 0.475 0.29375 0.4796875 0.29375