0 0.7095359578125 0.8795477296875 0.712475396875 0.8822900828125 0.7142944734375 0.8744059312499999 0.7204534437500001 0.8666923078125001 0.7280113546875 0.858978684375 0.7306707046875001 0.854179796875 0.7298311890625 0.8500658015625 0.727591975 0.8469805375 0.7243118843749999 0.847082484375 0.7131748671875 0.8581223359375001 0.71219530625 0.8636070437500001 0.7110757000000001 0.8728628359374999 0.7095359578125 0.8795477296875
0 0.7191937921875 0.8814337343749999 0.7238122640625 0.876805375 0.7305306578125 0.8696061171875 0.73528993125 0.8690917515625 0.7362694921874999 0.8651501390625 0.7343103703125 0.861550509375 0.7316510218750001 0.857779425 0.729971234375 0.8562363296875001 0.7278561703124999 0.8601000921875 0.716814534375 0.870634846875 0.71443451875 0.8762910109375 0.7141551859375 0.8817757187499999 0.7191937921875 0.8814337343749999
1 0.509375 0.175 0.509375 0.1859375 0.5125 0.196875 0.521875 0.2015625 0.5203125 0.2234375 0.509375 0.225 0.5046875 0.221875 0.50625 0.184375 0.509375 0.1765625
1 0.4796875 0.16875 0.4828125 0.16875 0.4828125 0.1796875 0.4796875 0.190625 0.475 0.1984375 0.475 0.2046875 0.4703125 0.2109375 0.4671875 0.2109375 0.4796875 0.1703125
1 0.2546875 0.9328125 0.259375 0.934375 0.2765625 0.959375 0.2859375 0.9890625 0.2859375 0.9953125 0.2796875 0.9984375 0.271875 0.990625 0.26875 0.9828125 0.259375 0.971875 0.253125 0.9390625 0.2546875 0.934375
2 0.70625 0.790625 0.7140625 0.790625 0.715625 0.79375 0.715625 0.80625 0.7125 0.8109375 0.7046875 0.796875 0.70625 0.7921875
2 0.25625 0.81875 0.2609375 0.8234375 0.259375 0.8328125 0.25625 0.8359375 0.25 0.8359375 0.246875 0.83125 0.2484375 0.8203125 0.2546875 0.81875
2 0.4890625 0.2125 0.4921875 0.215625 0.490625 0.2234375 0.4890625 0.2140625
2 0.740625 0.8734375 0.74375 0.8796875 0.7375 0.884375 0.7265625 0.8828125 0.7234375 0.88125 0.7234375 0.878125 0.7328125 0.86875 0.7390625 0.8734375
3 0.5265625 0.1984375 0.5296875 0.1984375 0.5328125 0.203125 0.5359375 0.2234375 0.5359375 0.2421875 0.540625 0.2625 0.540625 0.275 0.5375 0.2828125 0.5359375 0.3328125 0.5328125 0.3484375 0.5328125 0.3625 0.5296875 0.371875 0.5296875 0.3859375 0.525 0.384375 0.51875 0.36875 0.51875 0.35625 0.515625 0.3515625 0.5140625 0.340625 0.515625 0.303125 0.5171875 0.3015625 0.5171875 0.28125 0.5140625 0.2765625 0.5140625 0.2640625 0.515625 0.2515625 0.5203125 0.2390625 0.5203125 0.23125 0.5234375 0.225 0.5234375 0.20625 0.5265625 0.2
3 0.3078125 0.1671875 0.3125 0.171875 0.3125 0.18125 0.3203125 0.2015625 0.3203125 0.2296875 0.3171875 0.2359375 0.3109375 0.2359375 0.303125 0.240625 0.3 0.240625 0.3 0.2234375 0.2984375 0.215625 0.29375 0.2109375 0.29375 0.203125 0.3 0.1953125 0.3015625 0.171875 0.30625 0.1671875
3 0.3046875 0.8234375 0.3078125 0.825 0.3109375 0.8328125 0.315625 0.8375 0.328125 0.878125 0.328125 0.8921875 0.325 0.8953125 0.3203125 0.8953125 0.3171875 0.8921875 0.315625 0.89375 0.3203125 0.91875 0.3203125 0.95625 0.315625 0.98125 0.31875 0.9984375 0.2859375 0.9953125 0.28125 0.975 0.275 0.959375 0.2703125 0.9546875 0.2671875 0.946875 0.25625 0.9359375 0.25625 0.925 0.259375 0.9171875 0.2578125 0.8984375 0.2546875 0.896875 0.25 0.9046875 0.2453125 0.9046875 0.2421875 0.896875 0.2421875 0.8796875 0.2453125 0.8640625 0.2484375 0.8625 0.246875 0.8609375 0.246875 0.840625 0.2484375 0.8375 0.2578125 0.8359375 0.2640625 0.83125 0.2640625 0.825 0.26875 0.815625 0.26875 0.8 0.2671875 0.7984375 0.26875 0.7640625 0.271875 0.7609375 0.2828125 0.7609375 0.2859375 0.7640625 0.2890625 0.771875 0.290625 0.7859375 0.2890625 0.7875 0.290625 0.821875 0.29375 0.825 0.303125 0.8234375
3 0.515625 0.1484375 0.5203125 0.153125 0.5203125 0.1703125 0.5265625 0.1796875 0.5265625 0.1921875 0.5203125 0.209375 0.521875 0.2140625 0.51875 0.2359375 0.5109375 0.25625 0.509375 0.28125 0.5078125 0.2828125 0.5046875 0.2796875 0.50625 0.225 0.503125 0.2125 0.503125 0.1890625 0.5078125 0.1734375 0.5109375 0.1703125 0.5109375 0.15625 0.5140625 0.15
3 0.7125 0.809375 0.7078125 0.8015625 0.7078125 0.7953125 0.7171875 0.79375 0.7265625 0.7875 0.728125 0.778125 0.734375 0.765625 0.7359375 0.7203125 0.7453125 0.7109375 0.75625 0.709375 0.7625 0.7171875 0.7609375 0.7578125 0.76875 0.775 0.7734375 0.796875 0.7734375 0.8546875 0.771875 0.85625 0.7765625 0.865625 0.7703125 0.871875 0.7625 0.8734375 0.7546875 0.8796875 0.7484375 0.9015625 0.7328125 0.925 0.71875 0.953125 0.71875 0.9609375 0.7140625 0.975 0.7140625 0.99375 0.709375 0.9984375 0.684375 0.9984375 0.6828125 0.9953125 0.684375 0.9890625 0.6890625 0.984375 0.6953125 0.9828125 0.6984375 0.978125 0.696875 0.95625 0.7046875 0.9359375 0.7078125 0.903125 0.7140625 0.8796875 0.715625 0.878125 0.721875 0.8796875 0.7328125 0.8671875 0.728125 0.85625 0.71875 0.8515625 0.7203125 0.840625 0.725 0.8296875 0.7265625 0.8125 0.71875 0.8078125 0.7140625 0.809375
3 0.48125 0.1484375 0.4859375 0.1546875 0.484375 0.16875 0.4875 0.1734375 0.490625 0.1875 0.490625 0.221875 0.4875 0.225 0.484375 0.275 0.4828125 0.2765625 0.4796875 0.275 0.48125 0.265625 0.4796875 0.25625 0.4734375 0.2484375 0.4703125 0.2359375 0.4703125 0.21875 0.4671875 0.2109375 0.4671875 0.184375 0.4703125 0.1734375 0.4765625 0.165625 0.475 0.1578125 0.4765625 0.1515625 0.4796875 0.15