0 0.4590553875 0.6159370375 0.47264946874999997 0.6435861109375 0.4807989375 0.6303259265625 0.4660091046875 0.6096990734375 0.46178300468750005 0.6133824078125001 0.4590553875 0.6159370375
0 0.5150531109375 0.6104379625 0.5204256453125 0.617222221875 0.5270682859375 0.6253333328124999 0.5314013656250001 0.6228648140625 0.5296684375 0.62004351875 0.5290902890625 0.617927778125 0.5316896812499999 0.61334351875 0.529956753125 0.6115805562500001 0.5238915015625001 0.6055851859375 0.521580425 0.6055851859375 0.5150531109375 0.6104379625
1 0.446875 0.6109375 0.4515625 0.6171875 0.45625 0.61875 0.465625 0.628125 0.46875 0.634375 0.4703125 0.640625 0.4640625 0.6609375 0.45 0.6625 0.4421875 0.6453125 0.440625 0.625 0.4453125 0.6125
2 0.5328125 0.4078125 0.5359375 0.409375 0.5359375 0.425 0.53125 0.428125 0.5296875 0.421875 0.53125 0.409375
2 0.48984375 0.64296875 0.01171875 0.0265625
2 0.51875 0.5953125 0.5203125 0.60625 0.515625 0.609375 0.5140625 0.596875 0.5171875 0.5953125
2 0.534375 0.621875 0.01171875 0.01953125
2 0.496875 0.3859375 0.4984375 0.3953125 0.4953125 0.4015625 0.4890625 0.4015625 0.4890625 0.390625 0.490625 0.3875 0.4953125 0.3859375
2 0.174040971875 0.47100555625 0.1694696515625 0.47170370312500004 0.1683262515625 0.475425 0.1690880125 0.482402778125 0.1711836109375 0.4842629625 0.1749939296875 0.48728703749999996 0.17461305 0.48263518593750004 0.17594613125 0.4789138890625 0.1770895296875 0.4749601859375 0.174040971875 0.47100555625
2 0.182613809375 0.475425 0.17967981718749998 0.4759824078125 0.17689908906250001 0.47588981406249997 0.17556525 0.4805416671875 0.17537481093750001 0.4833324078125 0.1763270109375 0.48635648125 0.1788042484375 0.48937962968750004 0.18089908906250002 0.4858916671875 0.1839476484375 0.48286759218749997 0.1837572078125 0.4800768515625 0.1841380875 0.4779833328125 0.182613809375 0.475425
3 0.5109375 0.3296875 0.5140625 0.328125 0.5171875 0.3046875 0.521875 0.2984375 0.5265625 0.2984375 0.5296875 0.303125 0.53125 0.321875 0.5390625 0.3390625 0.5421875 0.3578125 0.540625 0.4 0.5375 0.4078125 0.5359375 0.4234375 0.53125 0.43125 0.528125 0.446875 0.5328125 0.4625 0.534375 0.4875 0.5296875 0.4953125 0.528125 0.4734375 0.5234375 0.465625 0.521875 0.4671875 0.5234375 0.4953125 0.51875 0.5015625 0.5109375 0.503125 0.5109375 0.4984375 0.515625 0.490625 0.515625 0.465625 0.5140625 0.4640625 0.5125 0.4296875 0.509375 0.4203125 0.509375 0.390625 0.5046875 0.3828125 0.4984375 0.3921875 0.4953125 0.3921875 0.496875 0.3796875 0.50625 0.353125 0.5109375 0.33125
3 0.515625 0.6109375 0.5125 0.5953125 0.5125 0.5703125 0.521875 0.534375 0.5296875 0.5234375 0.5296875 0.5 0.5359375 0.4875 0.54375 0.4875 0.5515625 0.4984375 0.5515625 0.5234375 0.5671875 0.5484375 0.571875 0.5671875 0.575 0.60625 0.571875 0.6171875 0.5640625 0.628125 0.5625 0.6609375 0.559375 0.6734375 0.559375 0.6984375 0.5625 0.7140625 0.5625 0.7484375 0.5640625 0.75 0.5625 0.7796875 0.559375 0.7859375 0.5484375 0.796875 0.5421875 0.796875 0.540625 0.7890625 0.5515625 0.765625 0.5515625 0.7421875 0.546875 0.7375 0.5421875 0.7421875 0.5359375 0.7421875 0.5328125 0.7390625 0.5359375 0.678125 0.5265625 0.671875 0.525 0.621875 0.5234375 0.6171875 0.5171875 0.6109375
3 0.1859375 0.4296875 0.190625 0.4328125 0.203125 0.4328125 0.2078125 0.4359375 0.2109375 0.45625 0.2140625 0.5421875 0.21875 0.5625 0.2171875 0.5828125 0.2140625 0.5859375 0.2125 0.584375 0.2125 0.5734375 0.20625 0.5625 0.203125 0.5515625 0.203125 0.4890625 0.1921875 0.4859375 0.1859375 0.48125 0.1828125 0.4734375 0.1671875 0.4671875 0.1671875 0.459375 0.1734375 0.453125 0.1734375 0.4484375 0.1796875 0.434375 0.184375 0.43125
3 0.4765625 0.5109375 0.48125 0.5125 0.4875 0.521875 0.4875 0.546875 0.4921875 0.553125 0.4921875 0.5578125 0.4984375 0.5640625 0.5015625 0.5734375 0.5046875 0.6046875 0.5 0.628125 0.490625 0.653125 0.484375 0.65625 0.4765625 0.665625 0.4671875 0.6609375 0.4609375 0.66875 0.459375 0.7375 0.45625 0.7453125 0.453125 0.740625 0.4546875 0.7140625 0.45 0.6984375 0.4484375 0.6640625 0.45 0.6625 0.45625 0.6640625 0.4671875 0.6546875 0.46875 0.6453125 0.4796875 0.6296875 0.4671875 0.6125 0.4625 0.6109375 0.459375 0.6203125 0.453125 0.61875 0.4484375 0.6140625 0.440625 0.5953125 0.440625 0.5890625 0.45 0.559375 0.465625 0.54375 0.4671875 0.521875 0.475 0.5125