1 0.55 0.2515625 0.5546875 0.2546875 0.5578125 0.2671875 0.5640625 0.2796875 0.5640625 0.29375 0.5609375 0.3046875 0.5546875 0.30625 0.5515625 0.303125 0.5453125 0.2890625 0.5453125 0.278125 0.55 0.265625 0.55 0.253125
2 0.5328125 0.5453125 0.540625 0.546875 0.5421875 0.5546875 0.5421875 0.5671875 0.5375 0.571875 0.534375 0.571875 0.53125 0.5671875 0.5328125 0.546875
2 0.0578125 0.8375 0.05625 0.8703125 0.05 0.8671875 0.0453125 0.85625 0.046875 0.84375 0.0515625 0.8375 0.05625 0.8375
2 0.5859375 0.55 0.590625 0.55 0.59375 0.5546875 0.59375 0.5703125 0.5859375 0.5796875 0.58125 0.5671875 0.5859375 0.5515625
2 0.52265625 0.28046875 0.01484375 0.01484375
2 0.0890625 0.9703125 0.0859375 0.9984375 0.078125 0.996875 0.078125 0.9828125 0.0890625 0.971875
2 0.0859375 0.975 0.0859375 0.9984375 0.078125 0.9984375 0.078125 0.9828125 0.084375 0.9765625
2 0.0984375 0.8375 0.0984375 0.8421875 0.09375 0.846875 0.0875 0.8453125 0.0921875 0.8375 0.096875 0.8375
2 0.5328125 0.55625 0.540625 0.5578125 0.5421875 0.5625 0.540625 0.5703125 0.534375 0.571875 0.53125 0.56875 0.5328125 0.5578125
2 0.5171875 0.35625 0.515625 0.3515625 0.5171875 0.3484375 0.5234375 0.35 0.51875 0.35625
0 0.5203125 0.3546875 0.521875 0.3546875 0.5234375 0.36875 0.521875 0.371875 0.515625 0.371875 0.515625 0.3609375 0.5203125 0.35625
1 0.5140625 0.3578125 0.515625 0.359375 0.5140625 0.3703125 0.5171875 0.3734375 0.521875 0.3734375 0.525 0.3703125 0.525 0.365625 0.5265625 0.3671875 0.528125 0.384375 0.525 0.390625 0.525 0.396875 0.5203125 0.4015625 0.50625 0.4 0.50625 0.378125 0.509375 0.3734375 0.5125 0.359375
3 0.109375 0.8484375 0.1171875 0.85625 0.1234375 0.8703125 0.125 0.9203125 0.1296875 0.928125 0.134375 0.928125 0.1484375 0.9203125 0.153125 0.9234375 0.159375 0.940625 0.165625 0.9484375 0.1703125 0.959375 0.1796875 0.9921875 0.1796875 0.9984375 0.14375 0.9984375 0.1421875 0.996875 0.084375 0.9984375 0.0828125 0.9953125 0.0828125 0.9828125 0.0859375 0.9796875 0.0890625 0.96875 0.0984375 0.95625 0.10625 0.9375 0.10625 0.9296875 0.1 0.9140625 0.09375 0.884375 0.09375 0.8671875 0.096875 0.859375 0.1078125 0.85
3 0.5328125 0.146875 0.5375 0.1453125 0.5421875 0.15 0.54375 0.2265625 0.5421875 0.23125 0.5359375 0.23125 0.5328125 0.228125 0.528125 0.2203125 0.5296875 0.2 0.51875 0.1890625 0.5265625 0.1875 0.5296875 0.184375 0.5296875 0.178125 0.5328125 0.171875 0.5328125 0.1546875 0.53125 0.153125 0.5328125 0.1484375
3 0.5640625 0.434375 0.5734375 0.4484375 0.5765625 0.465625 0.5859375 0.4765625 0.5875 0.503125 0.5953125 0.5265625 0.59375 0.5671875 0.5859375 0.58125 0.5765625 0.590625 0.5640625 0.590625 0.5609375 0.5875 0.55 0.5890625 0.54375 0.5828125 0.546875 0.575 0.5375 0.5703125 0.53125 0.5625 0.534375 0.5171875 0.5421875 0.4890625 0.54375 0.4703125 0.55 0.4609375 0.55 0.4328125 0.5546875 0.4296875 0.5625 0.434375
3 0.0609375 0.6609375 0.0671875 0.665625 0.075 0.6875 0.0875 0.7125 0.1 0.7296875 0.1078125 0.76875 0.1078125 0.7828125 0.1109375 0.7984375 0.1109375 0.8390625 0.109375 0.846875 0.0953125 0.859375 0.0921875 0.8671875 0.09375 0.896875 0.1046875 0.9328125 0.1046875 0.9375 0.0984375 0.9515625 0.0921875 0.934375 0.0875 0.896875 0.075 0.871875 0.06875 0.8390625 0.065625 0.8328125 0.0609375 0.83125 0.0578125 0.834375 0.0578125 0.85625 0.0546875 0.8703125 0.0484375 0.85625 0.05 0.7859375 0.046875 0.75625 0.0484375 0.7546875 0.05 0.7171875 0.04375 0.696875 0.04375 0.6796875 0.053125 0.6640625 0.059375 0.6609375
3 0.5296875 0.2234375 0.5359375 0.23125 0.5421875 0.234375 0.5515625 0.2578125 0.5515625 0.2703125 0.546875 0.278125 0.546875 0.2859375 0.5515625 0.3 0.5515625 0.315625 0.54375 0.3453125 0.54375 0.3828125 0.540625 0.3921875 0.5390625 0.4125 0.53125 0.4234375 0.5234375 0.4265625 0.515625 0.4234375 0.515625 0.41875 0.5234375 0.4109375 0.528125 0.3890625 0.528125 0.3734375 0.525 0.3625 0.5265625 0.3484375 0.5234375 0.3359375 0.5234375 0.321875 0.5203125 0.3125 0.5203125 0.2875 0.5171875 0.2828125 0.5171875 0.2765625 0.521875 0.271875 0.5234375 0.265625 0.5234375 0.246875 0.5203125 0.2359375 0.521875 0.225 0.528125 0.2234375
3 0.5125 0.2796875 0.5140625 0.284375 0.5125 0.3015625 0.51875 0.309375 0.521875 0.321875 0.521875 0.3546875 0.5203125 0.3578125 0.5140625 0.3609375 0.5109375 0.3671875 0.5109375 0.384375 0.50625 0.4015625 0.503125 0.40625 0.4953125 0.409375 0.4859375 0.40625 0.4875 0.4 0.490625 0.4 0.4953125 0.39375 0.49375 0.38125 0.4890625 0.3765625 0.4875 0.365625 0.4921875 0.3421875 0.4921875 0.3203125 0.5015625 0.3015625 0.5015625 0.2828125 0.5046875 0.278125 0.5109375 0.2796875