0 0.2576071421875 0.2915574078125 0.2496968078125 0.3010240734375 0.250840425 0.313565740625 0.2515258359375 0.3366981484375 0.2652431609375 0.3397638890625 0.2613563828125 0.3216481484375 0.2540410328125 0.3277796296875 0.2515258359375 0.32666481406250003 0.25221200625 0.3132870375 0.2583844984375 0.3085490734375 0.2576071421875 0.2915574078125
0 0.29976443750000004 0.275384259375 0.29519225 0.275384259375 0.2881048625 0.2795648140625 0.2974787234375 0.28931851875 0.3034224921875 0.2851388890625 0.3013647421875 0.2790074078125 0.29976443750000004 0.275384259375
0 0.5397028875000001 0.6641666671875 0.5436489359375 0.6734166671875 0.5488085109374999 0.67600648125 0.5570030390625 0.6689768515625001 0.5554855625 0.6582472218750001 0.5459551671875 0.6515731484375 0.541524315625 0.65380648125 0.5397028875000001 0.6641666671875
0 0.491444528125 0.59275648125 0.504495440625 0.591647221875 0.4838571421875 0.5557574078124999 0.47384118593749996 0.5542768515625001 0.46837765937500003 0.5446574078124999 0.4668601828125 0.539847221875 0.463825228125 0.5420666671875 0.458665653125 0.5479870375 0.46018313125 0.5516870375 0.46837765937500003 0.562047221875 0.4668601828125 0.569447221875 0.4705022796875 0.57795648125 0.48324999999999996 0.5901666671875 0.491444528125 0.59275648125
0 0.177854103125 0.6526009265625 0.2132712765625 0.686390740625 0.2202006078125 0.6854518515625 0.224819909375 0.67278055625 0.229439209375 0.6446231484375 0.21981535000000002 0.6366453703125 0.20749620000000002 0.6216277781249999 0.198642096875 0.6145879625 0.187555471875 0.6136611109375 0.177854103125 0.6526009265625
1 0.3046875 0.3 0.3078125 0.3015625 0.31875 0.296875 0.31875 0.3328125 0.3171875 0.3375 0.3140625 0.3390625 0.3 0.3375 0.29375 0.325 0.29375 0.3078125 0.2921875 0.30625 0.29375 0.29375 0.296875 0.2921875 0.303125 0.3
1 0.4640625 0.6078125 0.46875 0.6140625 0.471875 0.6140625 0.4734375 0.6171875 0.4796875 0.61875 0.484375 0.6234375 0.484375 0.646875 0.48125 0.653125 0.48125 0.6609375 0.4765625 0.6671875 0.4625 0.665625 0.4546875 0.6609375 0.45625 0.6125 0.4578125 0.609375 0.4625 0.6078125
2 0.2140625 0.8671875 0.2171875 0.8703125 0.2234375 0.89375 0.2140625 0.903125 0.2125 0.9078125 0.209375 0.909375 0.20625 0.90625 0.2015625 0.8859375 0.203125 0.8734375 0.209375 0.8734375 0.2125 0.86875
2 0.4984375 0.59375 0.50625 0.6125 0.503125 0.6203125 0.4984375 0.6234375 0.4890625 0.6234375 0.4859375 0.6171875 0.4890625 0.5984375 0.4921875 0.59375 0.496875 0.59375
2 0.315625 0.2828125 0.31875 0.2921875 0.3171875 0.296875 0.309375 0.3015625 0.3015625 0.3 0.296875 0.284375 0.303125 0.2796875 0.3109375 0.2796875 0.3140625 0.2828125
2 0.834375 0.94375 0.8375 0.94375 0.840625 0.9484375 0.8421875 0.9625 0.8453125 0.9671875 0.8453125 0.96875 0.8390625 0.9671875 0.8328125 0.9734375 0.8296875 0.95625 0.834375 0.9453125
2 0.2265625 0.8078125 0.2328125 0.8140625 0.2328125 0.828125 0.2296875 0.83125 0.209375 0.8265625 0.2109375 0.809375 0.2171875 0.8046875 0.221875 0.8046875 0.225 0.8078125
2 0.203125 0.6796875 0.209375 0.684375 0.225 0.684375 0.23125 0.6921875 0.23125 0.6984375 0.2234375 0.709375 0.2234375 0.70625 0.2078125 0.690625 0.203125 0.68125
2 0.253125 0.3078125 0.2578125 0.30625 0.2625 0.3140625 0.2625 0.321875 0.253125 0.3265625 0.2515625 0.3234375 0.253125 0.309375
2 0.7546875 0.8625 0.7578125 0.8734375 0.7484375 0.9 0.74375 0.896875 0.74375 0.875 0.7484375 0.865625 0.753125 0.8625
2 0.5546875 0.6453125 0.5578125 0.659375 0.5515625 0.653125 0.54375 0.6515625 0.540625 0.6546875 0.5390625 0.6640625 0.5390625 0.6484375 0.553125 0.646875
3 0.2953125 0.7625 0.3046875 0.7703125 0.3109375 0.7796875 0.3171875 0.80625 0.325 0.809375 0.3328125 0.8171875 0.3390625 0.8375 0.3375 0.85625 0.34375 0.871875 0.3453125 0.8984375 0.3546875 0.9375 0.3546875 0.9796875 0.353125 0.98125 0.3546875 0.9953125 0.3484375 0.9984375 0.309375 0.9984375 0.3078125 0.996875 0.278125 0.9984375 0.2765625 0.984375 0.2734375 0.98125 0.275 0.9796875 0.2734375 0.9734375 0.259375 0.98125 0.246875 0.98125 0.234375 0.9703125 0.2203125 0.9296875 0.2046875 0.9 0.203125 0.875 0.2171875 0.871875 0.221875 0.89375 0.2359375 0.9203125 0.2515625 0.9296875 0.259375 0.9265625 0.2640625 0.9171875 0.265625 0.9015625 0.271875 0.8875 0.271875 0.878125 0.2828125 0.8515625 0.2828125 0.8375 0.275 0.8171875 0.275 0.7875 0.278125 0.7703125 0.2828125 0.7640625 0.29375 0.7625
3 0.515625 0.4078125 0.5234375 0.4140625 0.53125 0.4328125 0.5296875 0.475 0.5328125 0.4796875 0.540625 0.509375 0.54375 0.54375 0.5484375 0.5640625 0.55 0.60625 0.553125 0.6234375 0.553125 0.653125 0.55 0.65625 0.540625 0.6546875 0.540625 0.6390625 0.5375 0.628125 0.5375 0.6046875 0.534375 0.603125 0.534375 0.5984375 0.5328125 0.596875 0.53125 0.5984375 0.5328125 0.6109375 0.5296875 0.6359375 0.525 0.65625 0.51875 0.671875 0.509375 0.7140625 0.50625 0.734375 0.5046875 0.778125 0.4984375 0.8078125 0.49375 0.8140625 0.4921875 0.8234375 0.4875 0.83125 0.4796875 0.83125 0.475 0.8234375 0.471875 0.8109375 0.4671875 0.8078125 0.4609375 0.821875 0.4546875 0.8296875 0.453125 0.8421875 0.4453125 0.8484375 0.4390625 0.8453125 0.4359375 0.8328125 0.4390625 0.81875 0.4453125 0.80625 0.4453125 0.7796875 0.4484375 0.76875 0.45 0.721875 0.4515625 0.7203125 0.45 0.665625 0.4484375 0.6640625 0.45 0.6046875 0.4453125 0.5671875 0.446875 0.553125 0.4515625 0.534375 0.4515625 0.525 0.4625 0.484375 0.4671875 0.475 0.4890625 0.4609375 0.4875 0.4359375 0.5 0.409375 0.5046875 0.40625 0.5140625 0.4078125
3 0.2921875 0.15 0.2984375 0.15625 0.3046875 0.1765625 0.31875 0.1921875 0.3265625 0.19375 0.3328125 0.2015625 0.3390625 0.2140625 0.3515625 0.2515625 0.3515625 0.2578125 0.346875 0.2671875 0.346875 0.2765625 0.3546875 0.296875 0.359375 0.31875 0.359375 0.33125 0.34375 0.3546875 0.340625 0.3765625 0.340625 0.3984375 0.346875 0.4171875 0.35 0.4625 0.353125 0.471875 0.353125 0.4921875 0.3484375 0.5015625 0.340625 0.5015625 0.3390625 0.4984375 0.3421875 0.4640625 0.334375 0.421875 0.3265625 0.3984375 0.3265625 0.36875 0.325 0.3578125 0.321875 0.3546875 0.31875 0.3578125 0.315625 0.3703125 0.3140625 0.4015625 0.3171875 0.4125 0.31875 0.440625 0.325 0.4625 0.325 0.4703125 0.309375 0.478125 0.3046875 0.4828125 0.2953125 0.48125 0.2953125 0.475 0.303125 0.465625 0.309375 0.453125 0.30625 0.421875 0.3 0.39375 0.3 0.3375 0.3140625 0.3390625 0.31875 0.334375 0.3203125 0.31875 0.31875 0.3 0.3171875 0.2984375 0.309375 0.3015625 0.303125 0.3 0.296875 0.2953125 0.29375 0.284375 0.2859375 0.2796875 0.28125 0.2859375 0.2796875 0.2953125 0.2703125 0.3171875 0.2546875 0.321875 0.2546875 0.3109375 0.265625 0.2953125 0.28125 0.2515625 0.2859375 0.215625 0.275 0.2015625 0.2734375 0.1875 0.2796875 0.1546875 0.2859375 0.15 0.290625 0.15
3 0.278125 0.5359375 0.2859375 0.5390625 0.2984375 0.5546875 0.3046875 0.5671875 0.3140625 0.603125 0.3140625 0.6453125 0.3109375 0.6578125 0.3109375 0.6734375 0.315625 0.7140625 0.315625 0.753125 0.3140625 0.7546875 0.3140625 0.7703125 0.3109375 0.775 0.3 0.7625 0.29375 0.759375 0.2875 0.759375 0.28125 0.7625 0.2765625 0.76875 0.271875 0.7890625 0.271875 0.8078125 0.2734375 0.821875 0.2796875 0.8375 0.2796875 0.85 0.2765625 0.85625 0.2765625 0.8625 0.2703125 0.871875 0.265625 0.86875 0.2578125 0.8515625 0.2375 0.834375 0.2375 0.8125 0.240625 0.8078125 0.24375 0.7484375 0.2265625 0.725 0.225 0.7078125 0.221875 0.7 0.2109375 0.6890625 0.225 0.6875 0.2328125 0.6984375 0.240625 0.696875 0.24375 0.6765625 0.24375 0.646875 0.23125 0.6453125 0.225 0.6421875 0.2140625 0.6296875 0.2109375 0.6203125 0.221875 0.6140625 0.2296875 0.6125 0.25625 0.59375 0.25625 0.584375 0.2515625 0.56875 0.253125 0.5578125 0.259375 0.546875 0.26875 0.5375 0.2765625 0.5359375
3 0.80625 0.7375 0.8109375 0.7359375 0.821875 0.7375 0.8234375 0.7359375 0.8265625 0.728125 0.8296875 0.7046875 0.8421875 0.6890625 0.85625 0.6875 0.8609375 0.69375 0.8640625 0.70625 0.8640625 0.7234375 0.85625 0.76875 0.86875 0.796875 0.8734375 0.8234375 0.8734375 0.8640625 0.8609375 0.9 0.8609375 0.90625 0.8578125 0.909375 0.85625 0.9171875 0.8515625 0.9234375 0.84375 0.94375 0.840625 0.9546875 0.840625 0.9640625 0.834375 0.9671875 0.8328125 0.95 0.846875 0.9109375 0.8546875 0.8796875 0.8546875 0.8625 0.8515625 0.8578125 0.8484375 0.8578125 0.8390625 0.8796875 0.8265625 0.91875 0.8203125 0.9515625 0.8046875 0.9765625 0.8015625 0.9953125 0.796875 0.9984375 0.7734375 0.9984375 0.771875 0.996875 0.771875 0.98125 0.76875 0.978125 0.753125 0.996875 0.7265625 0.9984375 0.725 0.9953125 0.728125 0.9609375 0.7359375 0.946875 0.740625 0.9265625 0.7609375 0.884375 0.778125 0.8640625 0.790625 0.828125 0.7859375 0.8265625 0.78125 0.83125 0.7578125 0.865625 0.75625 0.8796875 0.75 0.8953125 0.7484375 0.896875 0.7453125 0.8953125 0.74375 0.878125 0.7703125 0.821875 0.7734375 0.809375 0.7875 0.78125 0.7890625 0.771875 0.7953125 0.7609375 0.7984375 0.75 0.80625 0.7390625