1 0.5 0.2390625 0.5046875 0.2453125 0.5046875 0.265625 0.50625 0.2671875 0.5046875 0.2734375 0.4953125 0.2734375 0.4921875 0.26875 0.49375 0.2453125 0.4953125 0.240625 0.4984375 0.2390625
2 0.5125 0.396875 0.5140625 0.4 0.5125 0.409375 0.5046875 0.40625 0.503125 0.4015625 0.5109375 0.396875
2 0.484375 0.2328125 0.4859375 0.234375 0.484375 0.25625 0.4796875 0.246875 0.4796875 0.240625 0.4828125 0.234375
2 0.45625 0.228125 0.459375 0.23125 0.4609375 0.2390625 0.4578125 0.24375 0.45625 0.2421875 0.4546875 0.2390625 0.45625 0.2296875
2 0.85625 0.5859375 0.85625 0.575 0.8609375 0.5671875 0.8671875 0.56875 0.8671875 0.575 0.8625 0.5859375 0.8609375 0.5875 0.8578125 0.5859375
2 0.48125 0.4328125 0.478125 0.4265625 0.48125 0.4203125 0.4859375 0.4203125 0.4890625 0.4234375 0.4875 0.43125 0.4828125 0.4328125
2 0.5234375 0.215625 0.5234375 0.2203125 0.51875 0.225 0.51875 0.2171875 0.521875 0.215625
2 0.4984375 0.225 0.5015625 0.2375 0.5 0.2421875 0.4953125 0.2421875 0.4953125 0.23125 0.4984375 0.2265625
3 0.5125 0.146875 0.5140625 0.165625 0.5234375 0.18125 0.525 0.2078125 0.5234375 0.215625 0.5171875 0.225 0.5171875 0.2609375 0.5203125 0.2875 0.5171875 0.2875 0.5125 0.28125 0.5109375 0.2875 0.5078125 0.2890625 0.5015625 0.2859375 0.50625 0.2765625 0.5078125 0.2640625 0.50625 0.2625 0.50625 0.246875 0.5015625 0.2390625 0.496875 0.21875 0.496875 0.2046875 0.5 0.184375 0.5078125 0.1671875 0.50625 0.15 0.5109375 0.146875
3 0.5046875 0.3171875 0.5078125 0.3234375 0.5078125 0.334375 0.5125 0.340625 0.5171875 0.3421875 0.5171875 0.353125 0.5234375 0.3765625 0.525 0.403125 0.5171875 0.4125 0.5140625 0.4234375 0.509375 0.425 0.4921875 0.4234375 0.4859375 0.43125 0.48125 0.43125 0.4703125 0.4109375 0.46875 0.403125 0.4703125 0.38125 0.475 0.365625 0.475 0.3515625 0.4828125 0.3421875 0.490625 0.3390625 0.496875 0.31875 0.503125 0.3171875
3 0.4734375 0.1703125 0.4765625 0.1734375 0.4765625 0.1828125 0.484375 0.19375 0.4875 0.2109375 0.4859375 0.2375 0.484375 0.2421875 0.478125 0.2453125 0.4625 0.2421875 0.4578125 0.2390625 0.4546875 0.234375 0.453125 0.2234375 0.453125 0.2140625 0.4578125 0.1953125 0.4671875 0.18125 0.46875 0.171875 0.471875 0.1703125
3 0.8703125 0.4328125 0.878125 0.4421875 0.878125 0.471875 0.884375 0.4875 0.884375 0.5140625 0.8796875 0.5453125 0.871875 0.5640625 0.8703125 0.584375 0.8609375 0.60625 0.8609375 0.61875 0.85 0.6578125 0.85 0.66875 0.8453125 0.684375 0.8359375 0.6921875 0.83125 0.6890625 0.83125 0.684375 0.8390625 0.671875 0.8390625 0.6671875 0.8359375 0.6640625 0.8265625 0.6625 0.825 0.6546875 0.834375 0.6484375 0.840625 0.63125 0.8453125 0.534375 0.8546875 0.49375 0.8546875 0.484375 0.8625 0.459375 0.8625 0.4484375 0.86875 0.434375