1 0.4875 0.209375 0.49375 0.209375 0.4984375 0.2171875 0.4984375 0.234375 0.4953125 0.240625 0.490625 0.2421875 0.4859375 0.2328125 0.4859375 0.2125 0.4875 0.2109375
1 0.5234375 0.6484375 0.525 0.7078125 0.51875 0.7375 0.525 0.7484375 0.525 0.7578125 0.5203125 0.7703125 0.5140625 0.7765625 0.509375 0.7765625 0.5015625 0.7703125 0.4953125 0.7515625 0.496875 0.7484375 0.4953125 0.725 0.5015625 0.7328125 0.5109375 0.734375 0.5140625 0.734375 0.51875 0.728125 0.521875 0.65
1 0.553125 0.7296875 0.5625 0.7421875 0.578125 0.74375 0.58125 0.7484375 0.5828125 0.790625 0.578125 0.80625 0.571875 0.8171875 0.565625 0.821875 0.5609375 0.8203125 0.5546875 0.815625 0.540625 0.79375 0.540625 0.7765625 0.5453125 0.7515625 0.54375 0.74375 0.55 0.7375 0.5515625 0.73125
1 0.515625 0.384375 0.525 0.4046875 0.5234375 0.428125 0.5203125 0.4390625 0.515625 0.440625 0.5046875 0.4359375 0.5015625 0.43125 0.5046875 0.3984375 0.5140625 0.3859375
1 0.4953125 0.259375 0.4984375 0.2640625 0.4984375 0.271875 0.49375 0.2828125 0.4890625 0.28125 0.4875 0.275 0.4875 0.265625 0.49375 0.259375
0 0.5075394531249999 0.32815740781249997 0.50652883125 0.32965740781249997 0.505908953125 0.3375166671875 0.5046039453125 0.3498629625 0.504930196875 0.3570324078125 0.5088444609375 0.36001944375 0.5130849765625001 0.35922314843750003 0.5168368734375 0.3415 0.5171631265625 0.336322221875 0.5147162375 0.33054722187499996 0.51390060625 0.3275601859375 0.5075394531249999 0.32815740781249997
1 0.5132298937499999 0.2969879625 0.502138846875 0.34677129687499997 0.5000182093750001 0.348165740625 0.49987405156250003 0.3480490734375 0.49545144218750004 0.35294444375 0.4938201828125 0.357525 0.4947989375 0.3629018515625 0.4961039453125 0.3684768515625 0.5003444609375001 0.369075 0.502628225 0.357525 0.5027913500000001 0.34677129687499997 0.512740515625 0.300971296875 0.5140447640625 0.2969879625 0.5132298937499999 0.2969879625
2 0.596875 0.825 0.6078125 0.821875 0.6109375 0.828125 0.6109375 0.8359375 0.6078125 0.840625 0.603125 0.8421875 0.5953125 0.8328125 0.596875 0.8265625
2 0.553125 0.7078125 0.5546875 0.709375 0.5546875 0.728125 0.553125 0.7296875 0.55 0.728125 0.5484375 0.7234375 0.546875 0.7109375 0.5515625 0.709375
2 0.4984375 0.328125 0.503125 0.328125 0.5046875 0.33125 0.5046875 0.3390625 0.5015625 0.34375 0.496875 0.340625 0.4984375 0.3296875
2 0.465625 0.72578125 0.0140625 0.021875
2 0.515625 0.3640625 0.51875 0.365625 0.51875 0.3796875 0.515625 0.384375 0.5140625 0.3828125 0.5140625 0.3671875 0.515625 0.365625
2 0.6578125 0.809375 0.6671875 0.8109375 0.6671875 0.8265625 0.6625 0.8359375 0.659375 0.8359375 0.65625 0.83125 0.6578125 0.8109375
3 0.515625 0.584375 0.5203125 0.5890625 0.525 0.6 0.525 0.615625 0.5359375 0.628125 0.5390625 0.6453125 0.54375 0.65625 0.54375 0.66875 0.5515625 0.690625 0.5546875 0.721875 0.5515625 0.728125 0.5484375 0.721875 0.546875 0.709375 0.5390625 0.7015625 0.5359375 0.7046875 0.5375 0.725 0.5328125 0.75 0.5328125 0.7890625 0.5296875 0.803125 0.525 0.809375 0.5234375 0.821875 0.51875 0.8234375 0.515625 0.8078125 0.5109375 0.8125 0.5109375 0.828125 0.5125 0.8296875 0.509375 0.85625 0.5109375 0.88125 0.5078125 0.8859375 0.5015625 0.8859375 0.5 0.878125 0.496875 0.8109375 0.490625 0.7734375 0.4890625 0.7296875 0.4875 0.728125 0.4890625 0.7078125 0.4875 0.70625 0.4828125 0.7109375 0.48125 0.7171875 0.465625 0.7359375 0.459375 0.73125 0.459375 0.725 0.4671875 0.7109375 0.471875 0.696875 0.471875 0.6890625 0.4859375 0.6375 0.4984375 0.61875 0.5015625 0.596875 0.5046875 0.5890625 0.509375 0.584375 0.5140625 0.584375
3 0.5046875 0.2703125 0.5109375 0.2796875 0.5125 0.2875 0.521875 0.30625 0.5234375 0.3703125 0.51875 0.378125 0.51875 0.3828125 0.50625 0.39375 0.503125 0.4 0.5015625 0.4125 0.5015625 0.434375 0.503125 0.4359375 0.5 0.446875 0.5 0.459375 0.4953125 0.4625 0.4875 0.4625 0.484375 0.4578125 0.4953125 0.4453125 0.4984375 0.421875 0.496875 0.4078125 0.5015625 0.371875 0.4984375 0.3265625 0.5015625 0.3171875 0.5015625 0.3 0.496875 0.29375 0.4953125 0.2828125 0.496875 0.275 0.503125 0.2703125
3 0.0296875 0.8640625 0.0375 0.8796875 0.04375 0.915625 0.0515625 0.925 0.059375 0.946875 0.071875 0.959375 0.0828125 0.975 0.0828125 0.9921875 0.0796875 0.9984375 0.0265625 0.9984375 0.025 0.9828125 0.0203125 0.9765625 0.0171875 0.959375 0.0109375 0.9484375 0.0078125 0.9484375 0.0046875 0.953125 0.0046875 0.9421875 0 0.921875 0 0.8609375 0.0015625 0.859375 0 0.8515625 0.0046875 0.8484375 0.01875 0.8671875 0.028125 0.8640625
3 0.6515625 0.6515625 0.6609375 0.6578125 0.6640625 0.665625 0.6609375 0.703125 0.66875 0.7859375 0.66875 0.803125 0.665625 0.809375 0.6671875 0.8203125 0.6640625 0.83125 0.659375 0.834375 0.65625 0.8265625 0.6578125 0.796875 0.65625 0.790625 0.6515625 0.7859375 0.65 0.7875 0.6484375 0.80625 0.6421875 0.8203125 0.640625 0.8375 0.628125 0.8796875 0.628125 0.8875 0.63125 0.896875 0.6375 0.9046875 0.6390625 0.915625 0.6328125 0.921875 0.6234375 0.915625 0.621875 0.9171875 0.621875 0.928125 0.61875 0.9375 0.61875 0.9765625 0.6125 0.9796875 0.60625 0.9734375 0.60625 0.94375 0.603125 0.9328125 0.603125 0.915625 0.6 0.9 0.6 0.86875 0.5953125 0.8484375 0.596875 0.8375 0.590625 0.81875 0.584375 0.8078125 0.584375 0.7921875 0.5890625 0.7765625 0.596875 0.7234375 0.60625 0.703125 0.60625 0.6984375 0.6109375 0.6921875 0.6125 0.6828125 0.6234375 0.66875 0.6328125 0.665625 0.6359375 0.6578125 0.640625 0.653125 0.646875 0.65 0.65 0.6515625
3 0.4734375 0.1828125 0.478125 0.1828125 0.48125 0.196875 0.4875 0.2078125 0.4859375 0.2265625 0.490625 0.246875 0.490625 0.2625 0.4875 0.271875 0.4875 0.3109375 0.484375 0.3125 0.478125 0.3109375 0.4796875 0.28125 0.471875 0.2328125 0.471875 0.1859375 0.4734375 0.184375