0 0.6985525109374999 0.397378703125 0.6987328765624999 0.383077778125 0.6971057843749999 0.3804379625 0.69360045625 0.3814166671875 0.6925867578125 0.39077777812500003 0.69240563125 0.3980379625 0.692044140625 0.4041981484375 0.6880677328125 0.4079379625 0.68680213125 0.4442388890625 0.692044140625 0.446878703125 0.6981910203125 0.44335925937500004 0.6996369859375 0.4365388890625 0.6996369859375 0.40001851874999994 0.6985525109374999 0.397378703125
1 0.653125 0.415625 0.659375 0.41875 0.6609375 0.421875 0.659375 0.446875 0.6546875 0.4578125 0.6421875 0.4640625 0.6328125 0.4609375 0.628125 0.446875 0.6265625 0.4296875 0.63125 0.4234375 0.6375 0.421875 0.6421875 0.4171875 0.6515625 0.415625
1 0.5671875 0.2890625 0.56875 0.315625 0.5765625 0.3328125 0.578125 0.359375 0.5828125 0.38125 0.5875 0.3859375 0.5984375 0.375 0.6 0.378125 0.6 0.3953125 0.5921875 0.4125 0.590625 0.4234375 0.5859375 0.415625 0.584375 0.4015625 0.5796875 0.390625 0.5703125 0.35 0.5703125 0.3421875 0.565625 0.3296875 0.5625 0.3078125 0.5625 0.290625 0.565625 0.2890625
2 0.5078125 0.484375 0.5125 0.4890625 0.5140625 0.4953125 0.5140625 0.5109375 0.509375 0.51875 0.5015625 0.5171875 0.496875 0.5109375 0.496875 0.5046875 0.5 0.4984375 0.5 0.4875 0.50625 0.484375
2 0.615625 0.4484375 0.625 0.45 0.625 0.4578125 0.621875 0.4640625 0.615625 0.4578125 0.615625 0.45
2 0.4640625 0.5109375 0.46875 0.5125 0.471875 0.51875 0.4703125 0.5328125 0.4671875 0.5359375 0.4609375 0.5328125 0.4625 0.5125
2 0.603125 0.4046875 0.60625 0.4171875 0.603125 0.4265625 0.5984375 0.4296875 0.5921875 0.4234375 0.5921875 0.415625 0.5953125 0.40625 0.5984375 0.403125 0.6015625 0.4046875
3 0.496875 0 0.509375 0 0.5125 0.015625 0.5125 0.0328125 0.515625 0.040625 0.5234375 0.046875 0.5234375 0.0546875 0.5265625 0.0625 0.5265625 0.075 0.51875 0.09375 0.51875 0.128125 0.5203125 0.1296875 0.51875 0.1328125 0.5203125 0.134375 0.5203125 0.18125 0.51875 0.1859375 0.5078125 0.196875 0.503125 0.1984375 0.4859375 0.196875 0.4765625 0.1875 0.478125 0.140625 0.48125 0.11875 0.48125 0.096875 0.4796875 0.0953125 0.48125 0.0484375 0.484375 0.0265625 0.4875 0.01875 0.4953125 0.0109375 0.496875 0.0015625
3 0.584375 0.234375 0.5921875 0.246875 0.5921875 0.265625 0.5890625 0.271875 0.5890625 0.2875 0.603125 0.3015625 0.60625 0.3078125 0.6109375 0.3265625 0.6109375 0.340625 0.6140625 0.35625 0.6109375 0.3796875 0.6125 0.3875 0.6078125 0.3953125 0.60625 0.4171875 0.603125 0.4265625 0.5953125 0.434375 0.5953125 0.440625 0.5875 0.465625 0.5875 0.4734375 0.584375 0.4796875 0.5828125 0.4953125 0.571875 0.534375 0.571875 0.5421875 0.575 0.5484375 0.575 0.5671875 0.571875 0.5703125 0.565625 0.5671875 0.5671875 0.5390625 0.5640625 0.5359375 0.559375 0.5375 0.5578125 0.540625 0.5546875 0.5375 0.5578125 0.5140625 0.5640625 0.521875 0.565625 0.5203125 0.565625 0.5046875 0.5640625 0.4984375 0.559375 0.49375 0.5578125 0.4859375 0.559375 0.4609375 0.55 0.434375 0.546875 0.390625 0.5359375 0.365625 0.5359375 0.35625 0.5421875 0.334375 0.5421875 0.3234375 0.5484375 0.303125 0.5515625 0.296875 0.559375 0.2921875 0.5671875 0.2828125 0.5640625 0.259375 0.565625 0.24375 0.571875 0.234375 0.5828125 0.234375
3 0.665625 0.259375 0.675 0.271875 0.6765625 0.3015625 0.6828125 0.3078125 0.6875 0.3171875 0.69375 0.353125 0.696875 0.359375 0.696875 0.3796875 0.7 0.3875 0.696875 0.403125 0.6953125 0.4046875 0.6921875 0.403125 0.6875 0.4078125 0.6859375 0.4171875 0.6875 0.421875 0.6828125 0.4390625 0.6828125 0.4625 0.6765625 0.5046875 0.68125 0.5375 0.6796875 0.55 0.68125 0.5921875 0.678125 0.6046875 0.6796875 0.615625 0.678125 0.628125 0.671875 0.628125 0.66875 0.625 0.6625 0.60625 0.6578125 0.4921875 0.6546875 0.4890625 0.6515625 0.49375 0.646875 0.5359375 0.6421875 0.546875 0.640625 0.5625 0.634375 0.565625 0.6296875 0.5578125 0.628125 0.5421875 0.628125 0.509375 0.634375 0.459375 0.628125 0.4484375 0.625 0.45 0.625 0.45625 0.621875 0.4625 0.61875 0.4609375 0.615625 0.453125 0.615625 0.4265625 0.621875 0.365625 0.6328125 0.325 0.6484375 0.3078125 0.6484375 0.284375 0.6515625 0.2765625 0.6515625 0.26875 0.6546875 0.2625 0.659375 0.259375 0.6640625 0.259375
3 0.509375 0.3375 0.51875 0.3515625 0.5296875 0.3609375 0.540625 0.384375 0.54375 0.4015625 0.540625 0.415625 0.5546875 0.4546875 0.5546875 0.478125 0.54375 0.496875 0.5421875 0.5359375 0.5375 0.54375 0.5375 0.55 0.53125 0.55625 0.521875 0.5546875 0.525 0.540625 0.5125 0.534375 0.5078125 0.528125 0.5078125 0.5234375 0.49375 0.5125 0.4921875 0.50625 0.4953125 0.5 0.4890625 0.4953125 0.478125 0.496875 0.475 0.5 0.4734375 0.5078125 0.478125 0.5125 0.4828125 0.5109375 0.4859375 0.5125 0.4828125 0.5171875 0.4765625 0.515625 0.4734375 0.51875 0.46875 0.5328125 0.4625 0.53125 0.4640625 0.49375 0.471875 0.465625 0.471875 0.453125 0.478125 0.4234375 0.4765625 0.3984375 0.48125 0.3953125 0.4859375 0.3875 0.4859375 0.371875 0.484375 0.3703125 0.4859375 0.353125 0.4921875 0.3390625 0.5 0.334375 0.5046875 0.334375 0.5078125 0.3375