1 0.5015625 0.4515625 0.50625 0.4609375 0.5015625 0.4671875 0.496875 0.496875 0.4828125 0.49375 0.478125 0.4890625 0.478125 0.484375 0.484375 0.475 0.4828125 0.45625 0.4890625 0.4484375 0.5 0.4515625
1 0.46796875 0.59375 0.0296875 0.03125
1 0.021875 0.740625 0.0265625 0.740625 0.03125 0.7453125 0.0453125 0.771875 0.0453125 0.784375 0.040625 0.7921875 0.03125 0.7921875 0.0234375 0.784375 0.015625 0.7609375 0.015625 0.7484375 0.021875 0.7421875
1 0.2 0.559375 0.2109375 0.5703125 0.2125 0.575 0.2109375 0.5765625 0.2109375 0.5953125 0.20625 0.5953125 0.203125 0.5921875 0.2 0.584375 0.2 0.5609375
1 0.48125 0.428125 0.484375 0.4421875 0.48125 0.453125 0.4671875 0.4671875 0.459375 0.465625 0.45625 0.4609375 0.45625 0.434375 0.459375 0.43125 0.46875 0.43125 0.4796875 0.428125
1 0.4390625 0.7375 0.44375 0.7390625 0.446875 0.7453125 0.4640625 0.759375 0.4671875 0.7609375 0.475 0.75625 0.478125 0.759375 0.4703125 0.8015625 0.459375 0.8015625 0.45 0.796875 0.43125 0.796875 0.421875 0.7875 0.41875 0.753125 0.4203125 0.7484375 0.4265625 0.7453125 0.4296875 0.740625 0.4375 0.7375
1 0.3734375 0.8328125 0.3828125 0.871875 0.3828125 0.915625 0.3765625 0.9421875 0.375 0.94375 0.3546875 0.9421875 0.3484375 0.9359375 0.3484375 0.9140625 0.35625 0.8921875 0.35625 0.878125 0.3609375 0.865625 0.365625 0.8609375 0.365625 0.8484375 0.371875 0.834375
2 0.46875 0.5609375 0.478125 0.571875 0.478125 0.5796875 0.475 0.584375 0.4671875 0.584375 0.459375 0.5765625 0.4578125 0.571875 0.4671875 0.5609375
2 0.5265625 0.4265625 0.5296875 0.4296875 0.5296875 0.4453125 0.5265625 0.446875 0.525 0.4453125 0.525 0.428125
2 0.971875 0.8359375 0.975 0.8375 0.975 0.8421875 0.98125 0.8546875 0.98125 0.85625 0.9765625 0.8546875 0.9734375 0.85625 0.9703125 0.853125 0.971875 0.8375
2 0.5671875 0.4296875 0.56875 0.4453125 0.5640625 0.45 0.5625 0.4484375 0.5625 0.43125 0.565625 0.4296875
2 0.2234375 0.5625 0.2265625 0.56875 0.2265625 0.578125 0.2203125 0.58125 0.215625 0.575 0.21875 0.5640625 0.221875 0.5640625
2 0.453125 0.565625 0.45625 0.56875 0.45625 0.578125 0.453125 0.58125 0.45 0.58125 0.4453125 0.575 0.4484375 0.5671875 0.4515625 0.565625
2 0.2921875 0.2265625 0.2953125 0.228125 0.2953125 0.2359375 0.2921875 0.2359375 0.290625 0.23125 0.2921875 0.228125
2 0.0296875 0.8890625 0.0328125 0.8921875 0.03125 0.9046875 0.0328125 0.9078125 0.0234375 0.9265625 0.01875 0.9296875 0.0171875 0.928125 0.015625 0.9140625 0.0203125 0.9 0.028125 0.890625
2 0.921875 0.7875 0.9234375 0.7953125 0.9203125 0.8078125 0.915625 0.809375 0.915625 0.7984375 0.921875 0.7890625
2 0.4890625 0.40625 0.4953125 0.40625 0.5 0.415625 0.4984375 0.4203125 0.4890625 0.4203125 0.4875 0.41875 0.4890625 0.4078125
2 0.45230204374999994 0.224090825 0.455852384375 0.22296848906250002 0.455852384375 0.2211455046875 0.454478425 0.21918164999999998 0.45276002968749995 0.21385171406249998 0.4494390609375 0.214553290625 0.448981075 0.224090825 0.45230204374999994 0.224090825
0 0.4535616953125 0.215394809375 0.45608175624999997 0.22044392968749998 0.458028009375 0.21595551406250002 0.45225662343749995 0.20915477343750002 0.45001211249999995 0.21385171406249998 0.4516154421875 0.214693234375 0.4535616953125 0.215394809375
3 0.06875 0.95 0.075 0.9546875 0.08125 0.9640625 0.0953125 0.9984375 0.0546875 0.9984375 0.053125 0.9953125 0.0484375 0.9984375 0.040625 0.9984375 0.04375 0.9875 0.05 0.9828125 0.0515625 0.978125 0.0515625 0.965625 0.0546875 0.9546875 0.059375 0.95 0.0671875 0.95
3 0.4671875 0.0828125 0.4734375 0.0859375 0.4796875 0.103125 0.475 0.1625 0.4703125 0.1609375 0.465625 0.1265625 0.465625 0.0875 0.4671875 0.084375
3 0.4734375 0.1796875 0.478125 0.1828125 0.4796875 0.190625 0.478125 0.2015625 0.484375 0.2109375 0.484375 0.2453125 0.4796875 0.2671875 0.478125 0.3125 0.4703125 0.3125 0.4625 0.3171875 0.4578125 0.2890625 0.4578125 0.2484375 0.453125 0.2359375 0.4515625 0.2171875 0.453125 0.2125 0.45625 0.2171875 0.459375 0.215625 0.4671875 0.2046875 0.465625 0.1921875 0.4671875 0.1828125 0.471875 0.1796875
3 0.2859375 0.178125 0.290625 0.18125 0.2921875 0.1859375 0.2921875 0.221875 0.29375 0.2234375 0.29375 0.2359375 0.290625 0.2421875 0.28125 0.2453125 0.278125 0.2359375 0.278125 0.1984375 0.2828125 0.1828125 0.2859375 0.1796875
3 0.5421875 0.2984375 0.55 0.30625 0.5515625 0.3140625 0.55 0.315625 0.55 0.3328125 0.5609375 0.340625 0.5671875 0.3609375 0.56875 0.440625 0.5671875 0.4453125 0.5609375 0.4515625 0.5609375 0.4703125 0.5578125 0.484375 0.5578125 0.515625 0.5546875 0.534375 0.5578125 0.546875 0.5578125 0.5640625 0.5515625 0.5625 0.5484375 0.553125 0.55 0.54375 0.5484375 0.4796875 0.546875 0.465625 0.54375 0.459375 0.540625 0.4640625 0.5375 0.48125 0.5390625 0.5390625 0.5328125 0.540625 0.534375 0.5171875 0.5265625 0.45625 0.5328125 0.4546875 0.5375 0.4484375 0.5375 0.4296875 0.5359375 0.428125 0.53125 0.4296875 0.53125 0.4390625 0.5296875 0.44375 0.5265625 0.4453125 0.521875 0.4078125 0.5234375 0.396875 0.521875 0.3609375 0.525 0.346875 0.534375 0.3359375 0.5328125 0.3078125 0.534375 0.303125 0.540625 0.2984375
3 0.209375 0.4375 0.2171875 0.4484375 0.21875 0.4578125 0.2203125 0.4828125 0.2140625 0.49375 0.2140625 0.503125 0.21875 0.521875 0.21875 0.5328125 0.221875 0.540625 0.2234375 0.5578125 0.228125 0.56875 0.228125 0.584375 0.2328125 0.603125 0.2296875 0.6578125 0.23125 0.665625 0.2375 0.6734375 0.2375 0.684375 0.234375 0.6859375 0.2265625 0.6859375 0.2234375 0.6828125 0.215625 0.609375 0.2125 0.6 0.2015625 0.5875 0.2015625 0.5609375 0.1953125 0.51875 0.1953125 0.490625 0.2 0.4828125 0.196875 0.45 0.1984375 0.4421875 0.203125 0.4375 0.2078125 0.4375
3 0.0046875 0.809375 0.009375 0.8125 0.0234375 0.8109375 0.0296875 0.815625 0.0296875 0.8265625 0.0234375 0.8359375 0.0234375 0.846875 0.01875 0.8484375 0.0171875 0.853125 0.0234375 0.86875 0.0296875 0.8734375 0.0375 0.884375 0.0484375 0.909375 0.05 0.915625 0.0484375 0.9375 0.0515625 0.946875 0.0515625 0.9640625 0.0484375 0.9765625 0.040625 0.9828125 0.0375 0.9796875 0.03125 0.965625 0.015625 0.9453125 0.0125 0.934375 0.0046875 0.921875 0.003125 0.9078125 0 0.9046875 0 0.81875 0.003125 0.8109375
3 0.4546875 0.4765625 0.4578125 0.475 0.465625 0.4765625 0.475 0.490625 0.478125 0.5171875 0.48125 0.5234375 0.4875 0.528125 0.490625 0.540625 0.49375 0.5703125 0.49375 0.578125 0.490625 0.58125 0.4890625 0.5953125 0.484375 0.6015625 0.4859375 0.6125 0.484375 0.6328125 0.4671875 0.628125 0.45 0.628125 0.44375 0.6234375 0.4453125 0.6 0.4390625 0.5953125 0.4390625 0.571875 0.4375 0.5703125 0.4390625 0.5421875 0.446875 0.521875 0.4484375 0.490625 0.4546875 0.478125
3 0.4640625 0.3171875 0.475 0.3140625 0.4796875 0.31875 0.48125 0.3453125 0.475 0.3578125 0.475 0.3625 0.484375 0.378125 0.4875 0.403125 0.4953125 0.4078125 0.4984375 0.415625 0.496875 0.41875 0.4921875 0.4203125 0.484375 0.41875 0.48125 0.421875 0.484375 0.4359375 0.484375 0.45 0.4796875 0.45625 0.48125 0.4796875 0.4765625 0.484375 0.4734375 0.484375 0.465625 0.4734375 0.453125 0.471875 0.45 0.4578125 0.4515625 0.4109375 0.44375 0.4 0.44375 0.3859375 0.45 0.3609375 0.45625 0.3515625 0.45625 0.3453125 0.4609375 0.3328125 0.4609375 0.321875 0.4640625 0.31875
3 0.9703125 0.834375 0.9734375 0.80625 0.9734375 0.7984375 0.9703125 0.7953125 0.965625 0.8 0.9578125 0.8359375 0.940625 0.8578125 0.9390625 0.8703125 0.9421875 0.878125 0.95 0.8859375 0.95 0.8921875 0.9375 0.915625 0.9359375 0.9171875 0.9296875 0.915625 0.9296875 0.909375 0.934375 0.9015625 0.9359375 0.890625 0.928125 0.8796875 0.9265625 0.8734375 0.928125 0.8515625 0.93125 0.84375 0.93125 0.8375 0.928125 0.8359375 0.9109375 0.8703125 0.8984375 0.9140625 0.8828125 0.921875 0.8796875 0.91875 0.8796875 0.9109375 0.884375 0.9046875 0.890625 0.9015625 0.896875 0.8921875 0.903125 0.8625 0.9140625 0.8359375 0.915625 0.825 0.9203125 0.8140625 0.9203125 0.8109375 0.915625 0.80625 0.9171875 0.796875 0.9265625 0.778125 0.93125 0.7609375 0.940625 0.746875 0.94375 0.7296875 0.9515625 0.7203125 0.9546875 0.7 0.9625 0.6890625 0.9703125 0.6890625 0.975 0.696875 0.975 0.7078125 0.96875 0.725 0.96875 0.734375 0.975 0.7484375 0.975 0.8265625 0.9734375 0.828125 0.975 0.8390625 0.9734375 0.840625 0.971875 0.8359375
3 0.496875 0.175 0.02421875 0.0453125