0 0.43079514375 0.59223148125 0.43197723750000006 0.6098629625 0.4393634296875 0.6072861109375001 0.443795903125 0.6026481484375 0.44717223125 0.5977518515625 0.4435849765625 0.59285648125 0.4406297421875 0.5962064812500001 0.43704248906250004 0.5972370375 0.43640895312500005 0.5936296296875 0.43429817968749995 0.5915675921875 0.43079514375 0.59223148125
1 0.0859375 0.83125 0.090625 0.8328125 0.096875 0.8390625 0.1 0.85625 0.1046875 0.859375 0.1015625 0.86875 0.1046875 0.871875 0.103125 0.88125 0.0921875 0.8890625 0.06875 0.8875 0.0640625 0.8828125 0.0546875 0.8390625 0.0578125 0.8296875 0.065625 0.825 0.075 0.8234375 0.08125 0.8328125 0.084375 0.83125
2 0.45 0.3296875 0.453125 0.33125 0.453125 0.3421875 0.4484375 0.340625 0.45 0.33125
2 0.1125 0.9203125 0.1171875 0.9328125 0.115625 0.9390625 0.1140625 0.940625 0.109375 0.9390625 0.103125 0.93125 0.10625 0.9234375 0.1109375 0.921875
2 0.4484375 0.596875 0.45 0.5984375 0.4484375 0.6046875 0.45 0.6203125 0.446875 0.6203125 0.440625 0.6140625 0.4390625 0.609375 0.44375 0.6 0.446875 0.5984375
2 0.9359375 0.884375 0.9390625 0.8921875 0.9375 0.9 0.9296875 0.9015625 0.93125 0.8984375 0.9296875 0.8875 0.934375 0.8859375
2 0.446875 0.5796875 0.4515625 0.584375 0.45 0.59375 0.44375 0.5984375 0.4375 0.5953125 0.440625 0.584375 0.4453125 0.58125
2 0.096875 0.75 0.1 0.75 0.1015625 0.753125 0.1015625 0.78125 0.0984375 0.7828125 0.0921875 0.7734375 0.0921875 0.7640625 0.096875 0.7515625
0 0.46349772343750006 0.307622221875 0.46171244375000003 0.3117953703125 0.4608596359375 0.32595648125 0.46390364218749996 0.3271953703125 0.46573065312499995 0.32595648125 0.46796282187499993 0.317284259375 0.4687746578125 0.3148074078125 0.46857132031250004 0.3105953703125 0.4671509859375 0.30935648125 0.46674506875 0.30663055625 0.46491881562500004 0.306878703125 0.46349772343750006 0.307622221875
2 0.47019499218750005 0.30960370312499996 0.4687746578125 0.31090370312500004 0.46694764843750003 0.31356851875 0.46633915000000004 0.3160453703125 0.46633915000000004 0.3197620375 0.4659332328125 0.326203703125 0.467353565625 0.326203703125 0.470397571875 0.324222221875 0.4724271625 0.3192666671875 0.4726297421875 0.3148074078125 0.47019499218750005 0.30960370312499996
3 0.5046875 0.1984375 0.5046875 0.18125 0.509375 0.1640625 0.5109375 0.1625 0.5171875 0.1640625 0.5140625 0.1875 0.5078125 0.19375 0.5046875 0.203125 0.5046875 0.2
3 0.5265625 0.171875 0.5296875 0.175 0.5296875 0.1828125 0.525 0.19375 0.528125 0.246875 0.5265625 0.25 0.521875 0.2484375 0.5078125 0.2578125 0.5046875 0.25625 0.5046875 0.2328125 0.503125 0.23125 0.5046875 0.1984375 0.5140625 0.1875 0.5171875 0.1734375 0.521875 0.1703125 0.525 0.171875
3 0.4890625 0.475 0.4953125 0.4875 0.4953125 0.5171875 0.503125 0.5296875 0.503125 0.5796875 0.4984375 0.609375 0.496875 0.615625 0.4828125 0.6265625 0.4890625 0.6296875 0.4953125 0.6296875 0.496875 0.634375 0.4953125 0.659375 0.490625 0.66875 0.4828125 0.66875 0.478125 0.665625 0.46875 0.665625 0.4640625 0.66875 0.4609375 0.6671875 0.459375 0.6625 0.4609375 0.6296875 0.4421875 0.615625 0.4390625 0.609375 0.440625 0.5984375 0.4375 0.5921875 0.4484375 0.578125 0.4546875 0.5640625 0.4640625 0.5515625 0.4671875 0.5375 0.4734375 0.5265625 0.4703125 0.5125 0.471875 0.484375 0.478125 0.475 0.48125 0.4734375 0.4875 0.475
3 0.5234375 0.2515625 0.5265625 0.253125 0.528125 0.259375 0.5234375 0.2765625 0.5234375 0.3015625 0.5328125 0.3109375 0.5328125 0.315625 0.525 0.3234375 0.5234375 0.328125 0.5234375 0.3375 0.51875 0.3546875 0.5171875 0.3765625 0.5125 0.3984375 0.5125 0.409375 0.51875 0.4140625 0.51875 0.4203125 0.5078125 0.421875 0.503125 0.41875 0.5015625 0.4125 0.5015625 0.3546875 0.496875 0.3453125 0.5 0.3140625 0.496875 0.30625 0.496875 0.29375 0.503125 0.265625 0.5078125 0.259375 0.521875 0.253125
3 0.4671875 0.2421875 0.4703125 0.246875 0.471875 0.25625 0.4796875 0.2671875 0.4859375 0.2984375 0.4765625 0.3171875 0.478125 0.31875 0.4765625 0.3421875 0.48125 0.3921875 0.48125 0.4265625 0.4765625 0.4234375 0.475 0.39375 0.4671875 0.353125 0.4640625 0.3578125 0.4640625 0.3875 0.4671875 0.4 0.4671875 0.4109375 0.4609375 0.4203125 0.45625 0.41875 0.4609375 0.4015625 0.4578125 0.390625 0.45625 0.353125 0.4546875 0.3453125 0.45 0.340625 0.4484375 0.2984375 0.45 0.296875 0.45 0.278125 0.45625 0.2609375 0.4578125 0.246875 0.4609375 0.2421875 0.465625 0.2421875
3 0.0625 0.7078125 0.071875 0.7171875 0.078125 0.74375 0.090625 0.76875 0.0921875 0.7703125 0.0953125 0.7625 0.0984375 0.7609375 0.0984375 0.78125 0.1015625 0.7875 0.1 0.8171875 0.1046875 0.8328125 0.128125 0.8890625 0.1375 0.915625 0.1390625 0.9265625 0.1578125 0.959375 0.1578125 0.9640625 0.165625 0.9828125 0.1734375 0.9921875 0.1703125 0.9984375 0.15625 0.9984375 0.1484375 0.9953125 0.140625 0.9671875 0.1328125 0.9546875 0.1265625 0.9328125 0.1171875 0.9171875 0.1140625 0.91875 0.115625 0.940625 0.109375 0.9796875 0.1109375 0.996875 0.10625 0.9984375 0.0984375 0.9953125 0.090625 0.9828125 0.0875 0.965625 0.096875 0.9390625 0.0984375 0.925 0.0859375 0.9 0.0796875 0.8921875 0.078125 0.8796875 0.0796875 0.8734375 0.075 0.8671875 0.0765625 0.859375 0.0703125 0.85625 0.0671875 0.8515625 0.0609375 0.853125 0.0609375 0.8484375 0.065625 0.8453125 0.065625 0.8390625 0.0609375 0.8375 0.059375 0.834375 0.0609375 0.8328125 0.053125 0.8125 0.053125 0.775 0.05 0.7609375 0.0484375 0.734375 0.053125 0.709375 0.0609375 0.7078125
3 0.9375 0.7625 0.940625 0.76875 0.9390625 0.790625 0.93125 0.8078125 0.921875 0.81875 0.921875 0.83125 0.9265625 0.84375 0.925 0.88125 0.9296875 0.8875 0.934375 0.8890625 0.9359375 0.896875 0.9328125 0.9015625 0.925 0.90625 0.91875 0.90625 0.915625 0.9015625 0.9109375 0.903125 0.9015625 0.93125 0.8890625 0.953125 0.8828125 0.971875 0.88125 0.9828125 0.884375 0.9859375 0.8859375 0.984375 0.890625 0.9859375 0.8890625 0.99375 0.8828125 0.9984375 0.871875 0.9984375 0.8703125 0.9953125 0.871875 0.9890625 0.86875 0.98125 0.853125 0.9984375 0.8375 0.9984375 0.8375 0.9953125 0.8421875 0.990625 0.8515625 0.96875 0.8609375 0.95625 0.871875 0.9296875 0.8703125 0.9 0.875 0.8796875 0.8859375 0.853125 0.884375 0.8484375 0.8734375 0.846875 0.875 0.83125 0.8859375 0.8125 0.8875 0.8046875 0.8953125 0.7921875 0.9078125 0.784375 0.9078125 0.778125 0.9140625 0.76875 0.9203125 0.7671875 0.928125 0.759375 0.9328125 0.759375 0.9359375 0.7625