1 0.4125 0.1421875 0.415625 0.146875 0.415625 0.1671875 0.4171875 0.16875 0.4125 0.178125 0.4078125 0.178125 0.403125 0.1734375 0.403125 0.153125 0.4015625 0.1515625 0.403125 0.146875 0.4109375 0.1421875
1 0.440625 0.2921875 0.44375 0.3109375 0.4421875 0.328125 0.4296875 0.3390625 0.4234375 0.3359375 0.4234375 0.31875 0.4296875 0.296875 0.434375 0.2921875 0.4390625 0.2921875
2 0.3765625 0.26171875 0.00703125 0.0203125
2 0.5546875 0.546875 0.55625 0.56875 0.5515625 0.5703125 0.54375 0.5640625 0.5453125 0.5546875 0.553125 0.5484375
2 0.4046875 0.13984375 0.01171875 0.01484375
2 0.40625 0.2546875 0.4109375 0.2546875 0.4125 0.2578125 0.4125 0.265625 0.4078125 0.271875 0.4046875 0.265625 0.40625 0.25625
2 0.946875 0.9734375 0.9484375 0.9921875 0.946875 0.996875 0.94375 0.9984375 0.9359375 0.9984375 0.934375 0.9890625 0.9375 0.9796875 0.9453125 0.9734375
2 0.8984375 0.9625 0.9046875 0.96875 0.90625 0.975 0.90625 0.9828125 0.8984375 0.9921875 0.8921875 0.9921875 0.8890625 0.9875 0.8921875 0.9671875 0.896875 0.9625
2 0.578125 0.28125 0.5828125 0.2875 0.584375 0.3015625 0.58125 0.303125 0.575 0.296875 0.5734375 0.290625 0.575 0.2828125 0.5765625 0.2828125
0 0.576194528125 0.2992074078125 0.5757196046875 0.306734259375 0.5797568390625 0.3209203703125 0.5852203640625 0.3209203703125 0.59020820625 0.3145518515625 0.5852986328124999 0.30134444375 0.5816572953125 0.2963120375 0.576194528125 0.2992074078125
3 0.5328125 0.35 0.5375 0.346875 0.5484375 0.346875 0.55 0.35 0.5515625 0.378125 0.5546875 0.39375 0.5640625 0.4125 0.565625 0.425 0.575 0.45 0.578125 0.4671875 0.5765625 0.4953125 0.56875 0.51875 0.5703125 0.5234375 0.56875 0.565625 0.559375 0.584375 0.5546875 0.6171875 0.55 0.6296875 0.55 0.6453125 0.5609375 0.653125 0.5609375 0.6609375 0.55625 0.665625 0.5359375 0.665625 0.5328125 0.66875 0.53125 0.671875 0.5328125 0.6765625 0.54375 0.6890625 0.5421875 0.696875 0.53125 0.7 0.515625 0.6953125 0.5109375 0.6890625 0.5109375 0.6796875 0.5171875 0.6625 0.51875 0.6453125 0.528125 0.6203125 0.528125 0.609375 0.53125 0.603125 0.5359375 0.578125 0.5359375 0.546875 0.53125 0.5234375 0.53125 0.471875 0.5265625 0.446875 0.528125 0.4 0.5296875 0.3984375 0.528125 0.359375 0.5328125 0.3515625
3 0.3984375 0.0578125 0.4015625 0.05625 0.40625 0.0578125 0.409375 0.0640625 0.409375 0.0828125 0.4078125 0.084375 0.4140625 0.1140625 0.4125 0.13125 0.4078125 0.1453125 0.396875 0.146875 0.39375 0.121875 0.39375 0.084375 0.3984375 0.0703125 0.3984375 0.059375
3 0.9484375 0.9984375 0.9515625 0.99375 0.9609375 0.9875 0.9625 0.9578125 0.9734375 0.91875 0.978125 0.9140625 0.9890625 0.9140625 0.996875 0.9234375 0.996875 0.94375 0.99375 0.9546875 0.99375 0.9671875 0.9921875 0.9765625 0.9859375 0.990625 0.9859375 0.996875 0.984375 0.9984375 0.95 0.9984375
3 0.396875 0.1484375 0.4 0.1546875 0.4 0.175 0.4109375 0.1875 0.4125 0.2625 0.40625 0.2734375 0.40625 0.2890625 0.4 0.321875 0.4 0.3359375 0.3984375 0.3421875 0.39375 0.346875 0.39375 0.359375 0.390625 0.3671875 0.3875 0.3671875 0.3859375 0.3640625 0.3890625 0.3484375 0.3859375 0.3359375 0.384375 0.2890625 0.38125 0.271875 0.3765625 0.2703125 0.375 0.265625 0.3734375 0.246875 0.375 0.2453125 0.375 0.2203125 0.378125 0.20625 0.378125 0.19375 0.38125 0.184375 0.3875 0.1765625 0.3859375 0.1546875 0.390625 0.1484375 0.3953125 0.1484375
3 0.959375 0.8578125 0.9625 0.859375 0.965625 0.865625 0.96875 0.878125 0.96875 0.9046875 0.9671875 0.9109375 0.95 0.9328125 0.9453125 0.95625 0.9453125 0.9953125 0.9375 0.9984375 0.865625 0.9984375 0.8640625 0.99375 0.8703125 0.9703125 0.8703125 0.9609375 0.8640625 0.946875 0.8640625 0.940625 0.8703125 0.925 0.89375 0.896875 0.903125 0.8921875 0.9171875 0.8796875 0.9296875 0.8796875 0.934375 0.8703125 0.940625 0.8640625 0.9484375 0.859375 0.9578125 0.8578125
3 0.4546875 0.3140625 0.0390625 0.21328125