0 0.5145389859375 0.5374893421875 0.514034065625 0.5261519921875 0.51638985625 0.5152270624999999 0.5182407265625 0.50471455 0.5162218015625 0.49956070468749997 0.5025897046875001 0.5100732156250001 0.502657078125 0.5123336421875 0.5052823625 0.5183188140625 0.509657834375 0.52924374375 0.51016275625 0.5374893421875 0.5145389859375 0.5374893421875
0 0.5039364125 0.5248174234375 0.5066290687499999 0.5235801671875 0.504104465625 0.517602409375 0.49972899374999996 0.5169842453125 0.4980121125 0.5185152921875 0.4926608625 0.5206950875 0.4938387578125 0.52461075 0.495521575 0.5266728453125 0.5039364125 0.5248174234375
0 0.6607464046875 0.809001853125 0.6588327031250001 0.8007961078125 0.6506971984375001 0.7826274328125 0.6416056015625 0.7834087125 0.641222559375 0.7867164046874999 0.6419243 0.808220575 0.6454337625 0.8133002781249999 0.660267978125 0.816621871875 0.6607464046875 0.809001853125
0 0.6570779718749999 0.817988878125 0.6494216500000001 0.8148628359375 0.64367903125 0.812323446875 0.6414458749999999 0.8056811859374999 0.6409674484375001 0.7925912875 0.632832703125 0.796693234375 0.6473474640625 0.82521779375 0.6538879640624999 0.826194625 0.657556396875 0.8224828546875 0.6570779718749999 0.817988878125
0 0.63129523125 0.83360704375 0.6439121875 0.8279536609375 0.6439121875 0.8224884156250001 0.6423732015625 0.8207924 0.63991143125 0.817965709375 0.6389886453125 0.8109925859375 0.6351415593749999 0.8124411484375 0.6289871312499999 0.81570435625 0.627140803125 0.817965709375 0.6285261171875 0.8305922156250001 0.63129523125 0.83360704375
0 0.6408349734375001 0.8300268765625001 0.6360651015625 0.8317228921875 0.630833459375 0.8330417046875 0.62698713125 0.8285189984375 0.6256025734375 0.831911028125 0.6252944734375 0.8415227062499999 0.6297570015625 0.84189898125 0.6396040875 0.8368109359375 0.6472967453125 0.837 0.6496048453125 0.8353030578125 0.652066615625 0.8315347546874999 0.652682059375 0.8262576453125 0.6476971984375 0.8248739578125001 0.6448349734375001 0.8238081562499999 0.6449894015625001 0.8283308625 0.6408349734375001 0.8300268765625001
1 0.5453125 0.5015625 0.5484375 0.5109375 0.5484375 0.5453125 0.546875 0.5515625 0.54375 0.55 0.5453125 0.503125
1 0.11875 0.6515625 0.1296875 0.66875 0.134375 0.6984375 0.1328125 0.7 0.1265625 0.6984375 0.121875 0.703125 0.1140625 0.7046875 0.109375 0.7046875 0.1046875 0.7 0.0984375 0.66875 0.103125 0.66875 0.1125 0.659375 0.1140625 0.653125 0.1171875 0.6515625
1 0.365625 0.8375 0.36875 0.8375 0.371875 0.8328125 0.375 0.834375 0.38125 0.8609375 0.384375 0.890625 0.3828125 0.91875 0.3765625 0.9421875 0.3734375 0.94375 0.353125 0.9421875 0.3484375 0.9375 0.3484375 0.91875 0.35625 0.8921875 0.3578125 0.875 0.365625 0.8609375 0.3671875 0.846875 0.365625 0.8390625
1 0.6439507953125 0.8923039859375 0.637248296875 0.8913744203125 0.6321900078125 0.8861084343750001 0.630040121875 0.8902900828125 0.63067221875 0.900358665625 0.6450893265625 0.9186357734374999 0.650274034375 0.9178619093749999 0.6576086296875 0.9088776640624999 0.6568501140625 0.9057794250000001 0.6624148375 0.8957117703125 0.668864496875 0.8805319734375001 0.671267221875 0.87356163125 0.6687373203125 0.8729416125 0.6602649515625 0.8974152 0.6550794859375 0.904540315625 0.646732778125 0.8930787765625 0.6439507953125 0.8923039859375
2 0.640625 0.784375 0.6421875 0.7859375 0.640625 0.8109375 0.6328125 0.8078125 0.6328125 0.790625 0.6390625 0.784375
2 0.621875 0.84609375 0.01328125 0.03515625
2 0.509375 0.5859375 0.5125 0.5890625 0.5109375 0.609375 0.5078125 0.609375 0.5046875 0.6046875 0.5078125 0.5875
3 0.509375 0.521875 0.5109375 0.525 0.5125 0.5234375 0.5171875 0.5015625 0.521875 0.496875 0.51875 0.4875 0.5140625 0.484375 0.5125 0.4796875 0.5125 0.465625 0.5171875 0.453125 0.5234375 0.446875 0.528125 0.446875 0.5359375 0.45625 0.5359375 0.4609375 0.5421875 0.4671875 0.54375 0.471875 0.54375 0.484375 0.540625 0.496875 0.5453125 0.5015625 0.546875 0.5078125 0.546875 0.5484375 0.5453125 0.55 0.54375 0.5921875 0.540625 0.6 0.5359375 0.6328125 0.5359375 0.6578125 0.5296875 0.6859375 0.5328125 0.7125 0.51875 0.721875 0.5125 0.721875 0.5109375 0.71875 0.5109375 0.7125 0.5203125 0.703125 0.5203125 0.6921875 0.515625 0.678125 0.515625 0.6609375 0.5125 0.653125 0.5125 0.6109375 0.50625 0.60625 0.50625 0.5890625 0.5140625 0.553125 0.5140625 0.5390625 0.5078125 0.5296875 0.5078125 0.5234375
3 0.1921875 0.4421875 0.2 0.45625 0.215625 0.471875 0.2203125 0.4796875 0.2234375 0.5265625 0.2265625 0.534375 0.23125 0.5390625 0.2328125 0.55 0.23125 0.5890625 0.234375 0.5984375 0.234375 0.6328125 0.23125 0.6484375 0.23125 0.6625 0.228125 0.665625 0.225 0.665625 0.2203125 0.6609375 0.2140625 0.646875 0.2140625 0.6390625 0.2078125 0.6171875 0.20625 0.59375 0.203125 0.578125 0.2 0.5734375 0.19375 0.4921875 0.1859375 0.4828125 0.1828125 0.471875 0.1828125 0.4515625 0.184375 0.446875 0.190625 0.4421875
3 0.0859375 0.5390625 0.09375 0.546875 0.0984375 0.575 0.103125 0.5796875 0.109375 0.58125 0.115625 0.590625 0.121875 0.609375 0.1265625 0.634375 0.1296875 0.6390625 0.13125 0.659375 0.134375 0.6671875 0.1328125 0.715625 0.1453125 0.7578125 0.1484375 0.7859375 0.1453125 0.7984375 0.1421875 0.8015625 0.1390625 0.8 0.1375 0.7796875 0.125 0.746875 0.1234375 0.7453125 0.121875 0.746875 0.1234375 0.7828125 0.128125 0.8125 0.13125 0.815625 0.13125 0.8234375 0.1265625 0.83125 0.11875 0.8390625 0.1140625 0.8375 0.1140625 0.821875 0.115625 0.8203125 0.1140625 0.7875 0.0984375 0.71875 0.0984375 0.709375 0.090625 0.684375 0.0890625 0.6640625 0.0828125 0.6453125 0.0828125 0.63125 0.078125 0.6171875 0.0765625 0.559375 0.0796875 0.54375 0.08125 0.540625 0.084375 0.540625
3 0.6828125 0.725 0.6875 0.7390625 0.6875 0.7796875 0.6796875 0.796875 0.68125 0.8 0.68125 0.8328125 0.675 0.859375 0.675 0.921875 0.6765625 0.9234375 0.6765625 0.9578125 0.6859375 0.9734375 0.6875 0.9859375 0.6859375 0.99375 0.6828125 0.996875 0.6765625 0.9921875 0.675 0.9953125 0.66875 0.9984375 0.6625 0.996875 0.6625 0.9890625 0.6578125 0.98125 0.64375 0.971875 0.6421875 0.9734375 0.628125 0.971875 0.6203125 0.990625 0.6140625 0.9921875 0.60625 0.9984375 0.6 0.9953125 0.6 0.9890625 0.6109375 0.978125 0.609375 0.965625 0.6140625 0.9453125 0.6140625 0.93125 0.61875 0.9203125 0.6234375 0.8953125 0.625 0.8703125 0.6171875 0.85625 0.61875 0.840625 0.625 0.83125 0.628125 0.846875 0.6359375 0.8578125 0.6421875 0.8578125 0.646875 0.8515625 0.6515625 0.8375 0.65 0.83125 0.6609375 0.8140625 0.6578125 0.796875 0.6515625 0.7890625 0.653125 0.7875 0.6515625 0.784375 0.653125 0.78125 0.653125 0.740625 0.6578125 0.73125 0.665625 0.725 0.66875 0.7234375 0.68125 0.725