0 0.49537776093749997 0.3704101859375 0.49978979375000004 0.37815740781249996 0.5179284078124999 0.384415740625 0.5240563593750001 0.38560740781249997 0.5272429546875 0.3811379625 0.528223153125 0.371303703125 0.5257722765625 0.36325740781250004 0.4912109671875 0.36206574062499997 0.49537776093749997 0.3704101859375
0 0.502485909375 0.4219629625 0.49366184375 0.39126944375 0.48655369375 0.3921638890625 0.482632140625 0.3814361109375 0.4831218578125 0.3721981484375 0.4836123375 0.3641518515625 0.46645468437500004 0.382627778125 0.47993602500000004 0.44163055625 0.502485909375 0.4219629625
2 0.6828125 0.5078125 0.684375 0.5125 0.6828125 0.5375 0.6796875 0.5390625 0.6734375 0.5375 0.66875 0.5328125 0.6671875 0.525 0.675 0.509375 0.678125 0.50625 0.68125 0.5078125
2 0.6046875 0.209375 0.60625 0.2140625 0.6046875 0.225 0.5953125 0.2390625 0.590625 0.2375 0.5890625 0.221875 0.5984375 0.209375 0.603125 0.209375
2 0.615625 0.525 0.61875 0.5234375 0.6234375 0.525 0.6328125 0.5390625 0.63125 0.55625 0.628125 0.5609375 0.6234375 0.5609375 0.6140625 0.5390625 0.615625 0.5265625
2 0.553125 0.2046875 0.5578125 0.2078125 0.55625 0.228125 0.5546875 0.23125 0.5515625 0.23125 0.55 0.209375 0.553125 0.20625
2 0.4453125 0.6609375 0.45 0.665625 0.4484375 0.703125 0.4453125 0.70625 0.440625 0.7046875 0.4375 0.6984375 0.4328125 0.6953125 0.428125 0.6828125 0.428125 0.6640625 0.4328125 0.6609375 0.44375 0.6609375
2 0.4921875 0.2828125 0.496875 0.290625 0.4984375 0.30625 0.490625 0.3125 0.4875 0.3125 0.4828125 0.296875 0.4828125 0.2890625 0.4859375 0.284375 0.490625 0.2828125
2 0.69375 0.925 0.6984375 0.921875 0.70625 0.921875 0.7078125 0.925 0.7046875 0.9421875 0.696875 0.9515625 0.696875 0.95625 0.69375 0.9609375 0.6859375 0.9609375 0.6828125 0.95625 0.684375 0.9390625 0.6890625 0.9296875 0.69375 0.9265625
2 0.49296875 0.38203125 0.01953125 0.028125
3 0.6015625 0.05 0.60625 0.0546875 0.609375 0.065625 0.60625 0.0953125 0.6140625 0.1046875 0.61875 0.11875 0.621875 0.1484375 0.621875 0.175 0.6140625 0.1984375 0.6140625 0.20625 0.609375 0.221875 0.609375 0.2453125 0.6046875 0.278125 0.6015625 0.3328125 0.5984375 0.346875 0.5984375 0.3734375 0.603125 0.3875 0.603125 0.3953125 0.6 0.3984375 0.59375 0.3953125 0.5875 0.378125 0.5875 0.3375 0.5921875 0.2921875 0.5921875 0.25625 0.5890625 0.253125 0.5859375 0.259375 0.5828125 0.278125 0.5828125 0.3109375 0.578125 0.3234375 0.578125 0.33125 0.575 0.3421875 0.5703125 0.3421875 0.56875 0.3390625 0.56875 0.321875 0.571875 0.3109375 0.56875 0.28125 0.5703125 0.2796875 0.571875 0.225 0.5734375 0.2234375 0.5703125 0.2078125 0.5703125 0.1890625 0.5734375 0.1671875 0.571875 0.165625 0.5703125 0.1671875 0.565625 0.1765625 0.5578125 0.203125 0.55625 0.2234375 0.553125 0.228125 0.55 0.2234375 0.55625 0.1734375 0.565625 0.1390625 0.5703125 0.109375 0.5734375 0.1015625 0.5875 0.090625 0.590625 0.0578125 0.5953125 0.0515625 0.6 0.05
3 0.45625 0.5046875 0.4671875 0.5015625 0.475 0.5046875 0.484375 0.5125 0.4921875 0.5390625 0.4921875 0.5734375 0.496875 0.5859375 0.50625 0.5875 0.51875 0.5796875 0.525 0.5796875 0.53125 0.5828125 0.5359375 0.5890625 0.5453125 0.609375 0.5453125 0.615625 0.5484375 0.6203125 0.5515625 0.6359375 0.5515625 0.6453125 0.5578125 0.6625 0.55625 0.6859375 0.54375 0.6921875 0.54375 0.7078125 0.5421875 0.709375 0.54375 0.7875 0.540625 0.8015625 0.53125 0.8203125 0.5359375 0.875 0.5390625 0.8890625 0.5390625 0.93125 0.540625 0.9328125 0.5390625 0.934375 0.5390625 0.959375 0.5265625 0.9609375 0.5203125 0.95625 0.51875 0.946875 0.5171875 0.95625 0.5140625 0.959375 0.49375 0.9609375 0.490625 0.9578125 0.4828125 0.878125 0.471875 0.846875 0.4703125 0.834375 0.459375 0.796875 0.459375 0.7828125 0.4484375 0.7515625 0.4484375 0.725 0.446875 0.7234375 0.4484375 0.7171875 0.4453125 0.7078125 0.43125 0.6859375 0.4328125 0.6703125 0.446875 0.6703125 0.4515625 0.6671875 0.4546875 0.6296875 0.459375 0.61875 0.4703125 0.6078125 0.4578125 0.5828125 0.4546875 0.5640625 0.45 0.553125 0.45 0.5296875 0.45625 0.50625
3 0.5296875 0.2234375 0.534375 0.225 0.5421875 0.2359375 0.55 0.278125 0.55 0.3171875 0.546875 0.328125 0.5453125 0.3703125 0.5421875 0.3890625 0.54375 0.428125 0.534375 0.4734375 0.534375 0.51875 0.53125 0.528125 0.53125 0.553125 0.534375 0.5640625 0.534375 0.5765625 0.5328125 0.578125 0.515625 0.5765625 0.509375 0.5796875 0.50625 0.5765625 0.509375 0.5609375 0.4984375 0.5484375 0.5015625 0.415625 0.496875 0.3984375 0.4859375 0.390625 0.4859375 0.3734375 0.4953125 0.36875 0.5015625 0.3625 0.503125 0.3421875 0.4890625 0.3203125 0.484375 0.2890625 0.4875 0.284375 0.4921875 0.284375 0.5 0.30625 0.5046875 0.309375 0.50625 0.3078125 0.50625 0.3015625 0.5125 0.2875 0.509375 0.2609375 0.5109375 0.2421875 0.515625 0.23125 0.521875 0.225 0.528125 0.2234375
3 0.7234375 0.9234375 0.7390625 0.9390625 0.746875 0.9375 0.75625 0.9296875 0.765625 0.9296875 0.7765625 0.9390625 0.7828125 0.95 0.784375 0.965625 0.79375 0.9984375 0.7296875 0.9984375 0.728125 0.996875 0.728125 0.9671875 0.7140625 0.9484375 0.703125 0.9453125 0.6921875 0.9609375 0.6875 0.9609375 0.684375 0.9578125 0.6828125 0.946875 0.6890625 0.9296875 0.7 0.921875 0.721875 0.9234375
3 0.6390625 0.36875 0.6484375 0.3625 0.653125 0.3625 0.6578125 0.3578125 0.6609375 0.3125 0.6703125 0.3 0.678125 0.3 0.6890625 0.3140625 0.690625 0.3265625 0.6859375 0.3453125 0.6859375 0.3671875 0.696875 0.3796875 0.7 0.3875 0.703125 0.409375 0.7015625 0.4421875 0.6984375 0.4484375 0.6953125 0.4859375 0.6859375 0.5046875 0.6828125 0.51875 0.6828125 0.534375 0.6765625 0.540625 0.6828125 0.5484375 0.68125 0.5921875 0.678125 0.596875 0.6640625 0.60625 0.6375 0.60625 0.6296875 0.590625 0.628125 0.5640625 0.6203125 0.55625 0.6140625 0.5375 0.6078125 0.4875 0.6078125 0.4546875 0.6125 0.4421875 0.615625 0.4203125 0.625 0.396875 0.625 0.390625 0.6390625 0.3703125