2 0.584375 0.721875 0.590625 0.725 0.59375 0.7296875 0.590625 0.7484375 0.578125 0.746875 0.5734375 0.7375 0.575 0.725 0.5828125 0.721875
2 0.4453125 0.3359375 0.45 0.3390625 0.4484375 0.3453125 0.4390625 0.34375 0.4375 0.3375 0.44375 0.3359375
2 0.4515625 0.3828125 0.459375 0.38125 0.459375 0.39375 0.45625 0.396875 0.453125 0.396875 0.45 0.3921875 0.4515625 0.384375
2 0.478125 0.3828125 0.48125 0.3890625 0.48125 0.3953125 0.478125 0.4 0.4734375 0.4 0.4703125 0.396875 0.4703125 0.384375 0.4765625 0.3828125
2 0.6015625 0.7265625 0.6046875 0.728125 0.6078125 0.734375 0.6078125 0.740625 0.5953125 0.7515625 0.5921875 0.75 0.5890625 0.7515625 0.5859375 0.7484375 0.5890625 0.7296875 0.6 0.728125
2 0.46738985624999996 0.3894291015625 0.46900227031249997 0.389147359375 0.4710741859375 0.3829425390625 0.47590991718750003 0.38181464374999996 0.4769046171875 0.37806580156249997 0.4708440578125 0.375047265625 0.46738985624999996 0.3781492125 0.4650870546875 0.38491658906250004 0.46738985624999996 0.3894291015625
1 0.453125 0.7953125 0.453125 0.8078125 0.459375 0.815625 0.4609375 0.8328125 0.465625 0.8390625 0.475 0.8453125 0.4828125 0.8609375 0.48125 0.8875 0.4734375 0.921875 0.4671875 0.9296875 0.4484375 0.925 0.41875 0.921875 0.415625 0.9046875 0.415625 0.865625 0.4140625 0.8640625 0.4140625 0.85 0.41875 0.8390625 0.428125 0.8296875 0.4375 0.828125 0.4390625 0.8140625 0.4421875 0.8078125 0.45 0.809375 0.453125 0.80625 0.453125 0.796875
3 0.465625 0.278125 0.4703125 0.2875 0.46875 0.3109375 0.471875 0.3171875 0.471875 0.3734375 0.46875 0.3875 0.4703125 0.4046875 0.465625 0.4234375 0.4671875 0.4390625 0.4640625 0.453125 0.4640625 0.471875 0.453125 0.490625 0.4484375 0.490625 0.4484375 0.48125 0.4515625 0.471875 0.4515625 0.43125 0.45 0.421875 0.446875 0.4171875 0.4484375 0.403125 0.4484375 0.38125 0.4453125 0.3609375 0.446875 0.346875 0.4390625 0.3421875 0.4390625 0.3375 0.440625 0.3359375 0.446875 0.3375 0.4515625 0.334375 0.4578125 0.3171875 0.45625 0.2828125 0.459375 0.278125 0.4640625 0.278125
3 0.4984375 0.26328125 0.034375 0.15859375
3 0.48671875 0.44921875 0.03671875 0.26953125
3 0.6 0.5796875 0.603125 0.58125 0.609375 0.5921875 0.6109375 0.60625 0.609375 0.61875 0.6171875 0.6296875 0.6234375 0.64375 0.628125 0.68125 0.628125 0.715625 0.6234375 0.7296875 0.609375 0.740625 0.6046875 0.7515625 0.584375 0.746875 0.5765625 0.7484375 0.5703125 0.7546875 0.5609375 0.778125 0.55 0.771875 0.55 0.740625 0.5515625 0.7296875 0.5546875 0.725 0.5484375 0.7078125 0.5515625 0.675 0.559375 0.6546875 0.565625 0.6296875 0.578125 0.6140625 0.578125 0.596875 0.590625 0.5796875 0.5984375 0.5796875