0 0.43819680781250003 0.5824543703125 0.43960866249999997 0.5978126796875001 0.44243313124999994 0.6056714703125 0.451187690625 0.6042420749999999 0.45062309999999994 0.57852545625 0.44892857187499996 0.574953890625 0.44469225 0.5724534109375 0.444409575 0.5656666671874999 0.43955243125 0.5668789624999999 0.43819680781250003 0.5824543703125
1 0.478125 0.49375 0.4796875 0.534375 0.48125 0.5359375 0.4796875 0.540625 0.484375 0.546875 0.4875 0.5453125 0.4890625 0.5484375 0.4890625 0.575 0.4859375 0.5828125 0.4828125 0.5859375 0.478125 0.5859375 0.475 0.5828125 0.4765625 0.4953125
1 0.1609375 0.721875 0.1640625 0.721875 0.16875 0.74375 0.175 0.7578125 0.1828125 0.7703125 0.1859375 0.771875 0.2015625 0.8046875 0.2 0.8203125 0.19375 0.84375 0.19375 0.8546875 0.1859375 0.8625 0.18125 0.85625 0.1796875 0.8390625 0.171875 0.8265625 0.1671875 0.803125 0.1703125 0.78125 0.1671875 0.775 0.1671875 0.7671875 0.1625 0.75 0.1609375 0.7234375
1 0.4921875 0.5328125 0.4984375 0.55 0.5015625 0.56875 0.5015625 0.590625 0.4984375 0.5953125 0.490625 0.596875 0.4859375 0.5875 0.4859375 0.5796875 0.4890625 0.5734375 0.490625 0.534375
1 0.109375 0.5671875 0.1140625 0.58125 0.1203125 0.621875 0.125 0.6265625 0.1296875 0.6265625 0.128125 0.640625 0.11875 0.6453125 0.11875 0.6265625 0.115625 0.6234375 0.115625 0.609375 0.1125 0.6 0.109375 0.56875
0 0.61733890625 0.5576215171875 0.6175395140625 0.55229586875 0.616537234375 0.5489990390624999 0.614131459375 0.5467175796875 0.611524315625 0.5446887609375 0.60951975625 0.5467175796875 0.607033434375 0.550273775 0.61433130625 0.558382325 0.61733890625 0.5576215171875
0 0.5064984796875 0.245297790625 0.5070866265625 0.248832853125 0.5088518234375 0.2480883765625 0.5100288749999999 0.24641402499999998 0.509734803125 0.23636791562499998 0.5094399703125 0.23395004843749997 0.5074696046875 0.233218059375 0.5064984796875 0.2352526421875 0.5064984796875 0.245297790625
0 0.5162066875 0.23953122031250002 0.5138533437499999 0.2326474546875 0.5118822187500001 0.2341104703125 0.51238221875 0.24697214218750002 0.5144414890625 0.2482747359375 0.5166481765625 0.24715850156250002 0.5162066875 0.23953122031250002
0 0.081015196875 0.8016205578125 0.07677735625 0.8016205578125 0.073287234375 0.8038280500000001 0.0688009125 0.8110787703125 0.0667066875 0.8176330453125 0.0874962 0.8747636890624999 0.10220364687500001 0.859 0.1029513671875 0.8511181562499999 0.099711246875 0.8448126796875 0.094227203125 0.8470201734374999 0.0904878421875 0.8419750234375 0.0867484796875 0.825266090625 0.08475455937500001 0.8167540828125001 0.0820121578125 0.8066647453125 0.081015196875 0.8016205578125
0 0.0800182375 0.781128721875 0.074783434375 0.7851123921875 0.069797871875 0.7937387124999999 0.068551671875 0.80351296875 0.0688009125 0.8066647453125 0.07503267500000001 0.8000441875 0.08275987812499999 0.8006753124999999 0.0855022796875 0.7953150812499999 0.08799468125 0.7896407296875 0.0874962 0.7849116234375 0.0867484796875 0.7808126796875 0.0800182375 0.781128721875
0 0.0954734046875 0.8095024015625001 0.091484803125 0.8022516812499999 0.08585106406250001 0.8161210375 0.08799468125 0.8262122953125 0.092731003125 0.8419750234375 0.0967196046875 0.8457588859375 0.1017051671875 0.8448126796875 0.10070820625000002 0.8369308359375 0.10145592656249999 0.8293650343750001 0.1002097265625 0.825266090625 0.09746732500000001 0.8211681078125 0.0954734046875 0.8095024015625001
2 0.578125 0.546875 0.5828125 0.546875 0.584375 0.55 0.584375 0.5609375 0.5796875 0.5625 0.5734375 0.559375 0.5734375 0.5515625 0.578125 0.5484375
2 0.125 0.646875 0.13125 0.6515625 0.13125 0.6609375 0.1234375 0.6671875 0.1171875 0.6625 0.1140625 0.6546875 0.11875 0.646875 0.1234375 0.646875
2 0.6140625 0.5390625 0.6171875 0.54375 0.6171875 0.5515625 0.6125 0.5578125 0.6015625 0.546875 0.6015625 0.5421875 0.6046875 0.5390625 0.6125 0.5390625
2 0.1066147421875 0.8476676265625 0.1069703640625 0.8327636890625 0.10475911874999999 0.8247780984374999 0.1016003046875 0.8221834781249999 0.09875759843750001 0.8199875125 0.0967044078125 0.8223823250000001 0.098283434375 0.8321642656250001 0.10112613906250001 0.8409481265625001 0.10049468125000001 0.8467377515625 0.1066147421875 0.8476676265625
2 0.5744589671875 0.4693909703125 0.5752462 0.4640182515625 0.5725699093750001 0.4616301640625 0.570522796875 0.4632219015625 0.567689209375 0.4660086453125 0.56816109375 0.4805350625 0.5733571421875 0.47834582187499997 0.5744589671875 0.4693909703125
3 0.109375 0.5078125 0.1125 0.509375 0.115625 0.515625 0.11875 0.5359375 0.1359375 0.553125 0.140625 0.5671875 0.1453125 0.596875 0.15 0.6078125 0.15 0.625 0.153125 0.6328125 0.15 0.6578125 0.14375 0.6625 0.1421875 0.6609375 0.1359375 0.6625 0.1328125 0.659375 0.121875 0.6625 0.1140625 0.6546875 0.1125 0.6421875 0.109375 0.6359375 0.0984375 0.6296875 0.096875 0.621875 0.1 0.60625 0.0984375 0.6015625 0.1 0.5640625 0.1015625 0.5625 0.1 0.5578125 0.103125 0.5546875 0.103125 0.5484375 0.096875 0.525 0.1 0.5140625 0.1078125 0.509375
3 0.5609375 0.525 0.56875 0.53125 0.5671875 0.5484375 0.5734375 0.55 0.5765625 0.546875 0.58125 0.546875 0.584375 0.5515625 0.584375 0.559375 0.5828125 0.5625 0.578125 0.5640625 0.584375 0.5796875 0.5828125 0.590625 0.571875 0.6 0.565625 0.6140625 0.565625 0.621875 0.5703125 0.628125 0.5703125 0.634375 0.5671875 0.6375 0.55625 0.6296875 0.559375 0.590625 0.5625 0.584375 0.5609375 0.5265625
3 0.5015625 0.1421875 0.503125 0.159375 0.5125 0.175 0.5140625 0.2078125 0.5125 0.209375 0.5125 0.2265625 0.50625 0.2328125 0.503125 0.25 0.4984375 0.2953125 0.49375 0.29375 0.4953125 0.2921875 0.49375 0.240625 0.4875 0.209375 0.4890625 0.203125 0.4875 0.1796875 0.490625 0.1671875 0.4953125 0.1625 0.4953125 0.1484375 0.496875 0.14375 0.5 0.1421875
3 0.4671875 0.4171875 0.471875 0.4234375 0.471875 0.4609375 0.484375 0.4703125 0.4875 0.4796875 0.4875 0.4984375 0.490625 0.5140625 0.490625 0.5328125 0.484375 0.546875 0.478125 0.5515625 0.475 0.5640625 0.475 0.58125 0.4796875 0.590625 0.4765625 0.6046875 0.4765625 0.6296875 0.471875 0.65625 0.471875 0.6796875 0.4703125 0.6875 0.4671875 0.690625 0.4640625 0.678125 0.465625 0.64375 0.459375 0.634375 0.45625 0.6234375 0.4546875 0.5828125 0.446875 0.56875 0.4421875 0.565625 0.4390625 0.5421875 0.440625 0.540625 0.4421875 0.4921875 0.4453125 0.475 0.4484375 0.4671875 0.4609375 0.4578125 0.459375 0.4234375 0.465625 0.4171875
3 0.0984375 0.634375 0.1046875 0.634375 0.1078125 0.6375 0.1109375 0.6546875 0.1171875 0.6609375 0.1234375 0.6640625 0.1265625 0.6609375 0.13125 0.6609375 0.13125 0.671875 0.1234375 0.6953125 0.1265625 0.7203125 0.11875 0.740625 0.10625 0.7421875 0.1015625 0.734375 0.096875 0.7171875 0.096875 0.7 0.0921875 0.675 0.0953125 0.659375 0.0953125 0.6421875 0.0984375 0.6359375
3 0.140625 0.6671875 0.1484375 0.675 0.15625 0.7125 0.1609375 0.7171875 0.171875 0.7171875 0.1796875 0.7234375 0.184375 0.7375 0.1921875 0.7515625 0.1921875 0.7625 0.1859375 0.7703125 0.18125 0.7703125 0.1765625 0.759375 0.171875 0.7546875 0.1671875 0.75625 0.165625 0.7625 0.1671875 0.771875 0.171875 0.7765625 0.175 0.7734375 0.1765625 0.775 0.1703125 0.778125 0.1671875 0.7953125 0.1703125 0.821875 0.1828125 0.8328125 0.184375 0.8421875 0.1890625 0.8484375 0.190625 0.8546875 0.1890625 0.878125 0.1921875 0.890625 0.1921875 0.9125 0.1953125 0.91875 0.2 0.915625 0.203125 0.921875 0.203125 0.93125 0.19375 0.95 0.1875 0.95 0.1828125 0.94375 0.18125 0.9234375 0.178125 0.915625 0.171875 0.8796875 0.1703125 0.88125 0.171875 0.925 0.16875 0.93125 0.1734375 0.9453125 0.171875 0.9515625 0.16875 0.953125 0.15625 0.9375 0.15625 0.928125 0.159375 0.925 0.159375 0.909375 0.153125 0.8796875 0.1515625 0.85625 0.146875 0.8390625 0.140625 0.828125 0.1390625 0.8 0.1359375 0.784375 0.1234375 0.7578125 0.125 0.7296875 0.1265625 0.725 0.134375 0.7171875 0.1296875 0.7078125 0.1296875 0.6828125 0.1328125 0.671875 0.1390625 0.66875
3 0.053125 0.721875 0.0578125 0.73125 0.059375 0.746875 0.0640625 0.7625 0.065625 0.775 0.0640625 0.79375 0.06875 0.821875 0.0796875 0.8359375 0.0828125 0.846875 0.09375 0.8640625 0.0984375 0.859375 0.1 0.8484375 0.090625 0.834375 0.0921875 0.821875 0.0953125 0.81875 0.0984375 0.8203125 0.10625 0.8296875 0.1078125 0.865625 0.1046875 0.8734375 0.1046875 0.8890625 0.1078125 0.89375 0.1125 0.89375 0.1203125 0.9234375 0.1328125 0.9484375 0.134375 0.9625 0.14375 0.9984375 0.13125 0.996875 0.121875 0.965625 0.11875 0.9625 0.115625 0.9640625 0.1171875 0.996875 0.10625 0.9984375 0.103125 0.9953125 0.103125 0.9828125 0.1 0.971875 0.090625 0.9515625 0.0859375 0.946875 0.0796875 0.934375 0.0703125 0.90625 0.0609375 0.8875 0.0484375 0.8453125 0.0453125 0.821875 0.0453125 0.7984375 0.046875 0.796875 0.0453125 0.78125 0.0375 0.759375 0.0375 0.7453125 0.040625 0.7296875 0.04375 0.7234375 0.0515625 0.721875
3 0.459375 0.103125 0.4625 0.103125 0.471875 0.125 0.46875 0.1421875 0.46875 0.159375 0.465625 0.171875 0.4671875 0.1796875 0.4625 0.1828125 0.4578125 0.18125 0.453125 0.1171875 0.459375 0.1046875
3 0.459375 0.390625 0.459375 0.378125 0.465625 0.371875 0.4640625 0.359375 0.46875 0.3515625 0.4703125 0.340625 0.4703125 0.309375 0.475 0.303125 0.48125 0.3 0.4859375 0.303125 0.4890625 0.3203125 0.49375 0.325 0.496875 0.334375 0.4953125 0.3609375 0.4984375 0.3765625 0.5 0.4359375 0.490625 0.446875 0.4875 0.475 0.484375 0.4640625 0.4796875 0.459375 0.4734375 0.4578125 0.475 0.44375 0.4828125 0.4140625 0.4703125 0.4078125 0.46875 0.3984375 0.4609375 0.390625
3 0.575 0.421875 0.578125 0.4328125 0.578125 0.4484375 0.571875 0.459375 0.575 0.4953125 0.56875 0.4953125 0.5671875 0.4984375 0.5703125 0.509375 0.5734375 0.5125 0.5734375 0.5171875 0.5765625 0.51875 0.5671875 0.53125 0.5609375 0.528125 0.559375 0.5296875 0.5625 0.553125 0.5640625 0.6171875 0.5609375 0.6171875 0.5546875 0.6234375 0.5546875 0.63125 0.5484375 0.6515625 0.5484375 0.665625 0.55625 0.671875 0.55625 0.68125 0.5515625 0.6859375 0.540625 0.6875 0.5328125 0.6859375 0.5328125 0.6734375 0.5359375 0.665625 0.5359375 0.5921875 0.5328125 0.5609375 0.5328125 0.5203125 0.528125 0.5 0.5296875 0.478125 0.534375 0.45625 0.5390625 0.446875 0.54375 0.446875 0.546875 0.45 0.553125 0.446875 0.5640625 0.4265625 0.56875 0.421875 0.5734375 0.421875