0 0.479410646875 0.423974953125 0.4719064640625 0.42781354374999997 0.46996958125 0.434603896875 0.47456958125000004 0.4591103890625 0.4832844109375 0.45527179999999995 0.4847368828125 0.4478905375 0.479410646875 0.423974953125
0 0.5418365015625 0.35514935 0.542892775 0.3615881265625 0.5446076046874999 0.362553803125 0.5480387828125 0.361266234375 0.5492266156250001 0.3548274578125 0.548831178125 0.3445269015625 0.5465878328125 0.3440436 0.54526768125 0.34565306093750003 0.542547528125 0.3451484234375 0.5418365015625 0.35514935
1 0.596875 0.6515625 0.596875 0.6265625 0.6 0.6234375 0.6046875 0.6234375 0.60625 0.6265625 0.60625 0.646875 0.603125 0.6515625 0.5984375 0.6515625
1 0.4453125 0.41875 0.4484375 0.4328125 0.446875 0.434375 0.446875 0.4609375 0.4390625 0.4828125 0.4375 0.4765625 0.4375 0.471875 0.4453125 0.4546875 0.4453125 0.4203125
2 0.5015625 0.4984375 0.50625 0.496875 0.5109375 0.503125 0.509375 0.5140625 0.5046875 0.5171875 0.5015625 0.515625 0.5 0.5078125 0.5015625 0.5
2 0.4640625 0.4578125 0.4703125 0.4640625 0.471875 0.4703125 0.4703125 0.4875 0.465625 0.4859375 0.4609375 0.4640625 0.4625 0.459375
2 0.48125 0.44375 0.484375 0.446875 0.484375 0.453125 0.4796875 0.4578125 0.475 0.4578125 0.475 0.446875 0.4796875 0.44375
2 0.440625 0.5328125 0.44375 0.5328125 0.4484375 0.5390625 0.4515625 0.553125 0.4484375 0.559375 0.4390625 0.5546875 0.4390625 0.5359375 0.440625 0.534375
2 0.5484190109375 0.346096475 0.5484190109375 0.34507235625 0.5471589359375 0.3407198515625 0.543841825 0.34086085312500003 0.54296045625 0.3457124296875 0.54463954375 0.3458404453125 0.5484190109375 0.346096475
3 0.1546875 0.8953125 0.1765625 0.9171875 0.1859375 0.934375 0.1890625 0.95625 0.2 0.9984375 0.1546875 0.9984375 0.1515625 0.9953125 0.153125 0.990625 0.1515625 0.9765625 0.146875 0.9640625 0.1359375 0.953125 0.125 0.9375 0.121875 0.915625 0.1265625 0.9 0.13125 0.8953125 0.1421875 0.8921875 0.153125 0.8953125
3 0.5890625 0.4890625 0.596875 0.5 0.6 0.5109375 0.5953125 0.546875 0.5984375 0.55625 0.5984375 0.565625 0.6015625 0.571875 0.6015625 0.58125 0.60625 0.5890625 0.60625 0.5953125 0.609375 0.6015625 0.609375 0.621875 0.60625 0.6234375 0.603125 0.621875 0.596875 0.6265625 0.5953125 0.63125 0.5953125 0.66875 0.5921875 0.6875 0.5921875 0.7046875 0.5890625 0.7171875 0.5890625 0.746875 0.596875 0.7515625 0.5984375 0.7625 0.5859375 0.7703125 0.5765625 0.76875 0.575 0.765625 0.5765625 0.7515625 0.5734375 0.740625 0.565625 0.7484375 0.5609375 0.7484375 0.559375 0.7453125 0.5578125 0.7078125 0.559375 0.70625 0.5609375 0.65625 0.5578125 0.64375 0.5578125 0.61875 0.5546875 0.60625 0.5546875 0.5859375 0.55 0.5734375 0.55 0.5578125 0.55625 0.540625 0.5671875 0.528125 0.5734375 0.525 0.575 0.5 0.578125 0.49375 0.5828125 0.4890625 0.5875 0.4890625
3 0.5125 0.3859375 0.51875 0.3953125 0.5203125 0.4125 0.5234375 0.41875 0.528125 0.465625 0.525 0.4734375 0.5234375 0.4890625 0.51875 0.496875 0.5171875 0.5203125 0.5140625 0.5328125 0.5171875 0.5609375 0.515625 0.615625 0.5140625 0.6203125 0.50625 0.6265625 0.4984375 0.625 0.4984375 0.60625 0.4953125 0.5984375 0.496875 0.59375 0.5 0.59375 0.503125 0.5984375 0.50625 0.596875 0.50625 0.5859375 0.5046875 0.584375 0.5015625 0.5875 0.496875 0.578125 0.4984375 0.571875 0.496875 0.5390625 0.5 0.528125 0.5 0.4984375 0.490625 0.4890625 0.490625 0.45 0.4859375 0.4484375 0.478125 0.45625 0.4765625 0.45 0.4828125 0.4390625 0.4921875 0.43125 0.49375 0.425 0.49375 0.403125 0.4859375 0.3921875 0.484375 0.3828125 0.484375 0.3703125 0.4875 0.3609375 0.4921875 0.35625 0.50625 0.35625 0.509375 0.3625 0.5078125 0.38125 0.5109375 0.3859375
3 0 0.834375 0.009375 0.840625 0.0140625 0.8578125 0.0171875 0.8609375 0.0171875 0.88125 0.0203125 0.8890625 0.021875 0.903125 0.0265625 0.9125 0.0296875 0.9265625 0.0328125 0.9296875 0.046875 0.978125 0.053125 0.9875 0.0515625 0.9984375 0.04375 0.9984375 0.040625 0.9953125 0.028125 0.96875 0.003125 0.93125 0.003125 0.9265625 0 0.925 0 0.8359375
3 0.5328125 0.2328125 0.5375 0.2375 0.5375 0.2625 0.5421875 0.2671875 0.5453125 0.2765625 0.5453125 0.303125 0.546875 0.3046875 0.546875 0.3375 0.5453125 0.340625 0.546875 0.3421875 0.5421875 0.3390625 0.5390625 0.340625 0.5359375 0.36875 0.53125 0.3875 0.53125 0.425 0.5296875 0.428125 0.525 0.4171875 0.525 0.39375 0.521875 0.38125 0.521875 0.35625 0.51875 0.3390625 0.51875 0.315625 0.5109375 0.3078125 0.5109375 0.29375 0.515625 0.271875 0.51875 0.265625 0.528125 0.25625 0.528125 0.2390625 0.53125 0.234375
3 0.9171875 0.9734375 0.921875 0.9796875 0.9234375 0.9890625 0.921875 0.9984375 0.871875 0.9984375 0.88125 0.99375 0.890625 0.9921875 0.903125 0.975 0.909375 0.971875 0.915625 0.9734375
3 0.446875 0.3703125 0.4515625 0.3765625 0.4515625 0.4015625 0.446875 0.4125 0.446875 0.41875 0.4703125 0.465625 0.4703125 0.4859375 0.4671875 0.4859375 0.4609375 0.4625 0.45625 0.4578125 0.4546875 0.459375 0.4578125 0.5234375 0.45625 0.525 0.45625 0.546875 0.453125 0.559375 0.453125 0.5859375 0.45625 0.5953125 0.4640625 0.6046875 0.4640625 0.609375 0.459375 0.6125 0.4453125 0.609375 0.4421875 0.6125 0.44375 0.646875 0.4375 0.646875 0.4328125 0.6359375 0.4328125 0.571875 0.4359375 0.5578125 0.4328125 0.546875 0.4328125 0.51875 0.428125 0.484375 0.4296875 0.478125 0.4265625 0.4734375 0.4234375 0.4296875 0.4265625 0.415625 0.4296875 0.4109375 0.4296875 0.3921875 0.428125 0.390625 0.4296875 0.3765625 0.4359375 0.36875 0.4453125 0.3703125
3 0 0.6609375 0.00625 0.6609375 0.0171875 0.6765625 0.021875 0.6953125 0.0203125 0.7234375 0.0328125 0.7421875 0.04375 0.7640625 0.04375 0.7734375 0.0484375 0.784375 0.05 0.8 0.05625 0.81875 0.05625 0.8390625 0.059375 0.840625 0.0578125 0.84375 0.0671875 0.8578125 0.071875 0.8734375 0.071875 0.8828125 0.08125 0.8984375 0.0796875 0.90625 0.0625 0.90625 0.059375 0.903125 0.0625 0.884375 0.0546875 0.8609375 0.05 0.8546875 0.0421875 0.8609375 0.0359375 0.8703125 0.034375 0.88125 0.0375 0.8828125 0.0375 0.8890625 0.0296875 0.890625 0.01875 0.88125 0.0203125 0.875 0.0265625 0.8765625 0.028125 0.875 0.0296875 0.8640625 0.01875 0.853125 0.0109375 0.834375 0.0078125 0.815625 0 0.8015625 0 0.6625