0 0.23420166718750002 0.88566078125 0.23561865 0.935733271875 0.2420280515625 0.935733271875 0.24371417812499999 0.9324247218749999 0.2430394234375 0.8906514874999999 0.23420166718750002 0.88566078125
0 0.24944806718749998 0.9675799250000001 0.248774071875 0.9626170999999999 0.24236467031250003 0.9506226765625 0.23629340468749999 0.9481412640625001 0.233752084375 0.9534395906249999 0.23629340468749999 0.9671663562499999 0.2440515546875 0.9746115234375001 0.24944806718749998 0.9675799250000001
1 0.5015625 0.1953125 0.5046875 0.2 0.50625 0.209375 0.5046875 0.2171875 0.503125 0.21875 0.4984375 0.2171875 0.5015625 0.196875
1 0.2890625 0.890625 0.303125 0.9015625 0.309375 0.91875 0.3 0.9359375 0.296875 0.9359375 0.296875 0.93125 0.2890625 0.9125 0.290625 0.9 0.2890625 0.8921875
2 0.2484375 0.9828125 0.2453125 0.9734375 0.25 0.9671875 0.2515625 0.9578125 0.25625 0.9578125 0.259375 0.98125 0.25625 0.984375 0.25 0.9828125
3 0.2578125 0.8046875 0.2625 0.80625 0.26875 0.8125 0.2796875 0.8359375 0.2859375 0.85625 0.2875 0.8640625 0.2859375 0.8875 0.2890625 0.89375 0.2890625 0.9140625 0.296875 0.9359375 0.296875 0.95625 0.29375 0.9609375 0.29375 0.9671875 0.3203125 0.9890625 0.3234375 0.9953125 0.31875 0.9984375 0.3 0.9984375 0.290625 0.990625 0.2859375 0.99375 0.284375 0.9984375 0.2515625 0.9984375 0.2484375 0.9953125 0.24375 0.9953125 0.24375 0.990625 0.246875 0.9875 0.246875 0.98125 0.24375 0.9765625 0.246875 0.96875 0.246875 0.9578125 0.24375 0.9515625 0.2453125 0.8875 0.2421875 0.884375 0.24375 0.8609375 0.2375 0.846875 0.2359375 0.8359375 0.2359375 0.8125 0.2421875 0.80625 0.25625 0.8046875
3 0.4921875 0.140625 0.4984375 0.140625 0.5 0.14375 0.50625 0.190625 0.5046875 0.2046875 0.5015625 0.2046875 0.5 0.175 0.4921875 0.1546875 0.490625 0.146875 0.4921875 0.1421875
3 0.4828125 0.14375 0.4890625 0.1453125 0.490625 0.15625 0.4984375 0.1734375 0.4984375 0.1921875 0.5 0.19375 0.4984375 0.2046875 0.5 0.2671875 0.4984375 0.271875 0.4921875 0.2703125 0.4953125 0.2609375 0.4953125 0.2453125 0.4921875 0.2390625 0.4921875 0.2296875 0.4875 0.2234375 0.4796875 0.221875 0.4765625 0.21875 0.478125 0.175 0.4828125 0.1625 0.48125 0.1515625 0.4828125 0.1453125
3 0.503125 0.3515625 0.5078125 0.3578125 0.50625 0.3765625 0.515625 0.390625 0.51875 0.403125 0.5140625 0.425 0.5125 0.490625 0.515625 0.496875 0.515625 0.509375 0.5125 0.5171875 0.5125 0.534375 0.5109375 0.5359375 0.5125 0.559375 0.5109375 0.5609375 0.5078125 0.5609375 0.5046875 0.5546875 0.503125 0.51875 0.5015625 0.5171875 0.5 0.51875 0.4984375 0.540625 0.49375 0.540625 0.4890625 0.53125 0.4921875 0.51875 0.4890625 0.43125 0.48125 0.4125 0.48125 0.4 0.4890625 0.3859375 0.4953125 0.3796875 0.49375 0.3578125 0.4953125 0.3546875 0.5015625 0.3515625
3 0.515625 0.2046875 0.5234375 0.209375 0.5265625 0.2234375 0.5265625 0.25 0.5234375 0.2578125 0.5234375 0.2671875 0.5265625 0.2734375 0.521875 0.2765625 0.5140625 0.2734375 0.5140625 0.2546875 0.5109375 0.246875 0.5109375 0.2328125 0.5140625 0.2234375 0.515625 0.20625
3 0.178125 0.43125 0.1828125 0.434375 0.1859375 0.4421875 0.1859375 0.459375 0.190625 0.4734375 0.1890625 0.5015625 0.1921875 0.5109375 0.1921875 0.5328125 0.1953125 0.553125 0.1921875 0.5765625 0.1984375 0.5953125 0.2015625 0.6265625 0.2046875 0.634375 0.2046875 0.6375 0.2 0.6421875 0.2 0.6546875 0.203125 0.6609375 0.203125 0.671875 0.2 0.6765625 0.1921875 0.68125 0.1875 0.6796875 0.1921875 0.6671875 0.1890625 0.628125 0.18125 0.603125 0.1796875 0.584375 0.1734375 0.5765625 0.16875 0.575 0.165625 0.56875 0.1625 0.5328125 0.1578125 0.51875 0.16875 0.48125 0.1671875 0.475 0.16875 0.4453125 0.1765625 0.4328125
3 0.5234375 0.1453125 0.5265625 0.1515625 0.5265625 0.1625 0.5328125 0.1859375 0.5328125 0.2015625 0.5296875 0.2078125 0.5296875 0.2171875 0.525 0.2171875 0.525 0.2125 0.5203125 0.20625 0.515625 0.209375 0.515625 0.2125 0.5125 0.19375 0.5125 0.16875 0.515625 0.1625 0.5171875 0.15 0.521875 0.1453125
3 0.5484375 0.3078125 0.5546875 0.3078125 0.559375 0.3140625 0.5625 0.325 0.5625 0.3359375 0.5703125 0.3484375 0.56875 0.359375 0.571875 0.3625 0.5703125 0.390625 0.5734375 0.4203125 0.56875 0.5109375 0.5640625 0.5265625 0.5609375 0.5296875 0.55625 0.5296875 0.5515625 0.51875 0.5328125 0.49375 0.5296875 0.4859375 0.53125 0.4484375 0.525 0.43125 0.525 0.4109375 0.5296875 0.3765625 0.528125 0.375 0.528125 0.3578125 0.5328125 0.346875 0.546875 0.3375 0.5453125 0.3171875 0.5484375 0.309375