1 0.45 0.9078125 0.4515625 0.9109375 0.4484375 0.9171875 0.45 0.9203125 0.459375 0.915625 0.45625 0.9078125 0.4625 0.9078125 0.46875 0.9234375 0.475 0.9296875 0.475 0.940625 0.478125 0.9421875 0.4796875 0.9390625 0.484375 0.9375 0.4875 0.940625 0.4875 0.9484375 0.5078125 0.9984375 0.475 0.9984375 0.4734375 0.996875 0.46875 0.9984375 0.4609375 0.9953125 0.475 0.9921875 0.484375 0.98125 0.4859375 0.9625 0.4765625 0.94375 0.465625 0.9390625 0.4640625 0.9296875 0.45625 0.9234375 0.4515625 0.925 0.44375 0.934375 0.44375 0.9515625 0.4484375 0.95625 0.45625 0.95625 0.4578125 0.971875 0.4515625 0.9765625 0.446875 0.9765625 0.4390625 0.9671875 0.4390625 0.940625 0.4421875 0.9296875 0.4421875 0.9203125 0.4453125 0.91875 0.4453125 0.9140625 0.4484375 0.909375
1 0.171875 0.55 0.171875 0.5703125 0.184375 0.6 0.1828125 0.6171875 0.178125 0.628125 0.175 0.6328125 0.171875 0.6328125 0.16875 0.628125 0.165625 0.609375 0.1734375 0.5828125 0.1703125 0.5671875 0.171875 0.5515625
1 0.4734375 0.5203125 0.0125 0.0359375
1 0.5116230125000001 0.18197961093749998 0.510669190625 0.18197961093749998 0.509556396875 0.188014828125 0.5065359578125 0.21020667343750002 0.50701286875 0.21682576406249998 0.510192278125 0.22032993437499998 0.5143255109375 0.21974606093750002 0.5151203640625 0.1959962921875 0.51861695625 0.18820945312499998 0.515009840625 0.18265801718750002 0.5151203640625 0.1601760890625 0.512417865625 0.160566265625 0.5116230125000001 0.18197961093749998
2 0.484375 0.89375 0.490625 0.8890625 0.496875 0.9 0.4921875 0.91875 0.4859375 0.921875 0.4796875 0.921875 0.4796875 0.9015625 0.484375 0.8953125
2 0.490625 0.453125 0.4953125 0.45625 0.4953125 0.4609375 0.4875 0.4703125 0.484375 0.4671875 0.484375 0.459375 0.4859375 0.4546875 0.4890625 0.453125
2 0.478125 0.4796875 0.4828125 0.4828125 0.48125 0.49375 0.475 0.49375 0.4734375 0.490625 0.471875 0.48125 0.4765625 0.48125
2 0.44375 0.9734375 0.4546875 0.98125 0.4546875 0.9921875 0.4515625 0.9953125 0.4375 0.9953125 0.43125 0.984375 0.434375 0.9734375 0.4359375 0.971875 0.4421875 0.9734375
3 0.2609375 0.7515625 0.2671875 0.7546875 0.271875 0.7640625 0.278125 0.7890625 0.2765625 0.8140625 0.271875 0.821875 0.2921875 0.84375 0.296875 0.8640625 0.30625 0.8890625 0.30625 0.9078125 0.296875 0.9078125 0.2921875 0.8953125 0.2875 0.890625 0.284375 0.8953125 0.284375 0.915625 0.2921875 0.934375 0.296875 0.9578125 0.3 0.9640625 0.303125 0.9859375 0.30625 0.99375 0.3046875 0.9984375 0.2421875 0.9984375 0.240625 0.9546875 0.2375 0.94375 0.2375 0.915625 0.24375 0.9015625 0.240625 0.89375 0.2421875 0.8875 0.240625 0.8796875 0.2390625 0.878125 0.2359375 0.8796875 0.2359375 0.8921875 0.2296875 0.8984375 0.228125 0.903125 0.2234375 0.9046875 0.21875 0.8984375 0.2203125 0.8734375 0.23125 0.8359375 0.246875 0.821875 0.2484375 0.8171875 0.246875 0.815625 0.246875 0.7734375 0.253125 0.7546875 0.259375 0.7515625
3 0.51875 0.14375 0.521875 0.146875 0.528125 0.171875 0.5265625 0.240625 0.5203125 0.2484375 0.51875 0.265625 0.515625 0.265625 0.5140625 0.2625 0.5125 0.20625 0.5078125 0.2 0.5078125 0.1828125 0.5125 0.175 0.515625 0.15 0.51875 0.1453125
3 0.4109375 0.8453125 0.41875 0.84375 0.428125 0.8484375 0.4328125 0.8578125 0.4453125 0.871875 0.453125 0.8859375 0.4546875 0.9015625 0.4625 0.9046875 0.465625 0.91875 0.4640625 0.93125 0.4828125 0.9546875 0.484375 0.9609375 0.484375 0.978125 0.471875 0.9984375 0.4671875 0.996875 0.41875 0.9984375 0.41875 0.9859375 0.421875 0.9765625 0.4140625 0.9578125 0.4125 0.915625 0.4 0.89375 0.4015625 0.8625 0.4046875 0.853125 0.4109375 0.846875
3 0.459375 0.6671875 0.471875 0.6765625 0.475 0.6859375 0.4765625 0.7125 0.48125 0.721875 0.4921875 0.73125 0.5015625 0.75 0.5078125 0.784375 0.509375 0.840625 0.5078125 0.85625 0.5 0.878125 0.5015625 0.9421875 0.4953125 0.9578125 0.4890625 0.946875 0.4890625 0.921875 0.4796875 0.91875 0.4796875 0.8984375 0.475 0.884375 0.4703125 0.88125 0.4640625 0.896875 0.459375 0.8984375 0.45625 0.8953125 0.45625 0.8890625 0.453125 0.8828125 0.440625 0.8625 0.446875 0.8234375 0.446875 0.7640625 0.4421875 0.746875 0.4421875 0.6859375 0.453125 0.6703125 0.4578125 0.6671875
3 0.1546875 0.45625 0.1578125 0.4609375 0.159375 0.4703125 0.1640625 0.4765625 0.165625 0.4875 0.171875 0.4921875 0.18125 0.5046875 0.18125 0.515625 0.171875 0.53125 0.171875 0.546875 0.1765625 0.578125 0.171875 0.584375 0.1703125 0.5984375 0.1671875 0.603125 0.1671875 0.6234375 0.16875 0.628125 0.175 0.63125 0.1828125 0.6171875 0.1859375 0.615625 0.1890625 0.6875 0.190625 0.6890625 0.190625 0.7046875 0.1890625 0.70625 0.175 0.696875 0.16875 0.684375 0.165625 0.671875 0.165625 0.6609375 0.16875 0.6546875 0.16875 0.6359375 0.1640625 0.628125 0.1640625 0.621875 0.1578125 0.6140625 0.1578125 0.6078125 0.153125 0.5984375 0.15 0.5625 0.140625 0.55625 0.1375 0.5125 0.146875 0.490625 0.146875 0.4796875 0.14375 0.4703125 0.1453125 0.4609375 0.1484375 0.45625 0.153125 0.45625
3 0.2765625 0.29375 0.278125 0.2859375 0.275 0.2796875 0.275 0.26875 0.28125 0.2453125 0.2796875 0.2234375 0.2828125 0.21875 0.2875 0.2171875 0.2921875 0.2234375 0.2921875 0.2375 0.296875 0.246875 0.2953125 0.253125 0.296875 0.2796875 0.2890625 0.3 0.28125 0.2984375 0.278125 0.2953125
3 0.4921875 0.409375 0.496875 0.4125 0.503125 0.421875 0.503125 0.440625 0.5125 0.45625 0.5140625 0.4859375 0.5109375 0.5046875 0.5046875 0.521875 0.50625 0.5375 0.503125 0.5703125 0.503125 0.6140625 0.5 0.634375 0.5015625 0.6515625 0.4984375 0.65625 0.4921875 0.6546875 0.478125 0.66875 0.4703125 0.66875 0.46875 0.665625 0.4796875 0.64375 0.4796875 0.6375 0.471875 0.628125 0.4703125 0.621875 0.471875 0.58125 0.478125 0.5328125 0.4765625 0.5140625 0.48125 0.4984375 0.4734375 0.4890625 0.4734375 0.484375 0.4765625 0.48125 0.48125 0.48125 0.484375 0.475 0.4859375 0.4484375 0.4796875 0.440625 0.478125 0.43125 0.4828125 0.4140625 0.490625 0.409375