0 0.50618181875 0.8065751390625 0.491509090625 0.8103525046875 0.4925704546875 0.8407124296875 0.49775530312500005 0.84468181875 0.5103946968749999 0.8415064937500001 0.50618181875 0.8065751390625
0 0.49807954531250004 0.309132653125 0.4987280296875 0.3333469390625 0.5026166671875 0.33215584374999996 0.5019689390625001 0.30833951718749997 0.49807954531250004 0.309132653125
0 0.5269250000000001 0.30898886875 0.530812121875 0.3416827453125 0.5363212125000001 0.3404916515625 0.5321083328125 0.3103237484375 0.5269250000000001 0.30898886875
0 0.5286530296875 0.2878348796875 0.523682575 0.298415584375 0.5253030296875 0.3031790359375 0.5311363640625 0.294049165625 0.5286530296875 0.2878348796875
2 0.4875 0.8078125 0.4921875 0.8109375 0.490625 0.8359375 0.4859375 0.8328125 0.4828125 0.825 0.484375 0.809375 0.4859375 0.809375
2 0.5109375 0.8296875 0.509375 0.821875 0.5109375 0.80625 0.515625 0.80625 0.5171875 0.8109375 0.5171875 0.821875 0.515625 0.828125 0.5125 0.8296875
2 0.1375 0.93515625 0.01484375 0.0234375
2 0.1171875 0.959375 0.1234375 0.959375 0.1265625 0.9640625 0.1234375 0.9828125 0.1203125 0.9828125 0.115625 0.9703125 0.1171875 0.9609375
2 0.524009090625 0.3060463828125 0.524601515625 0.31039795937500003 0.525637121875 0.3094916515625 0.529782575 0.30822263437499997 0.5324469703125 0.30296382187500004 0.529094696875 0.2998395171875 0.526969696875 0.300970315625 0.5225287875 0.30495825625 0.524009090625 0.3060463828125
2 0.49928863593750006 0.308403525 0.5021007578125001 0.31003525 0.504617425 0.3074972171875 0.5049136359374999 0.3036892390625 0.4998810609375 0.30278293125 0.498548484375 0.30495825625 0.4966242421875 0.3096725421875 0.497512121875 0.312210575 0.49928863593750006 0.308403525
3 0.484375 0.171875 0.4921875 0.171875 0.4953125 0.1765625 0.4953125 0.1890625 0.503125 0.2 0.50625 0.21875 0.50625 0.2296875 0.5015625 0.240625 0.5015625 0.25625 0.4984375 0.2625 0.4984375 0.2734375 0.4953125 0.284375 0.4953125 0.3125 0.4921875 0.3328125 0.490625 0.3375 0.4875 0.3375 0.4859375 0.3328125 0.4859375 0.3140625 0.490625 0.3015625 0.4875 0.29375 0.4828125 0.30625 0.4828125 0.3296875 0.4796875 0.33125 0.4765625 0.328125 0.4796875 0.265625 0.475 0.2453125 0.46875 0.2390625 0.46875 0.2296875 0.478125 0.2 0.4828125 0.19375 0.48125 0.1765625 0.484375 0.1734375
3 0.4984375 0.6578125 0.5046875 0.6625 0.5140625 0.6765625 0.5203125 0.7 0.5296875 0.7125 0.5296875 0.71875 0.5359375 0.7390625 0.5375 0.75625 0.540625 0.7640625 0.540625 0.7796875 0.5234375 0.81875 0.5234375 0.853125 0.5203125 0.8640625 0.5 0.89375 0.5015625 0.9265625 0.4953125 0.9375 0.49375 0.95 0.4953125 0.978125 0.4890625 0.9984375 0.4796875 0.9984375 0.48125 0.9484375 0.478125 0.921875 0.478125 0.8890625 0.46875 0.85 0.46875 0.809375 0.4546875 0.7796875 0.4546875 0.759375 0.4578125 0.7375 0.4640625 0.715625 0.478125 0.7015625 0.4796875 0.6890625 0.4859375 0.6703125 0.490625 0.6625 0.496875 0.659375
3 0.51875 0.234375 0.5234375 0.234375 0.5265625 0.2375 0.5328125 0.25625 0.534375 0.290625 0.5359375 0.2921875 0.534375 0.3 0.528125 0.309375 0.5234375 0.39375 0.51875 0.3953125 0.515625 0.3921875 0.5109375 0.3984375 0.50625 0.3984375 0.50625 0.390625 0.509375 0.384375 0.5046875 0.346875 0.50625 0.3234375 0.5 0.30625 0.50625 0.2828125 0.50625 0.275 0.515625 0.2484375 0.515625 0.2390625 0.51875 0.2359375
3 0.2125 0.434375 0.21875 0.4390625 0.2203125 0.4453125 0.21875 0.459375 0.2234375 0.496875 0.221875 0.540625 0.2265625 0.5671875 0.2265625 0.584375 0.2296875 0.5953125 0.228125 0.6 0.221875 0.60625 0.2171875 0.6078125 0.2140625 0.60625 0.2109375 0.596875 0.2109375 0.5921875 0.2171875 0.584375 0.2171875 0.559375 0.2078125 0.53125 0.2 0.5265625 0.1953125 0.51875 0.1953125 0.4921875 0.190625 0.478125 0.190625 0.4640625 0.2 0.4375 0.203125 0.434375 0.2109375 0.434375
3 0.078125 0.825 0.084375 0.83125 0.0875 0.8421875 0.090625 0.8453125 0.09375 0.84375 0.0984375 0.8453125 0.10625 0.8546875 0.10625 0.8578125 0.1234375 0.884375 0.13125 0.9046875 0.1328125 0.915625 0.14375 0.9296875 0.1421875 0.940625 0.1390625 0.94375 0.134375 0.94375 0.125 0.9265625 0.1203125 0.925 0.1078125 0.94375 0.1078125 0.9515625 0.1109375 0.9578125 0.1171875 0.9625 0.1203125 0.959375 0.121875 0.9625 0.1203125 0.978125 0.1078125 0.9765625 0.1 0.9703125 0.0921875 0.9609375 0.084375 0.9421875 0.08125 0.9234375 0.075 0.9046875 0.075 0.8859375 0.0703125 0.8765625 0.0703125 0.859375 0.0671875 0.8515625 0.0671875 0.83125 0.0765625 0.825
3 0.884375 0.6125 0.890625 0.61875 0.89375 0.63125 0.89375 0.65625 0.9015625 0.6734375 0.8984375 0.715625 0.89375 0.7265625 0.8921875 0.7390625 0.8859375 0.7484375 0.8796875 0.784375 0.8671875 0.80625 0.8609375 0.83125 0.8578125 0.8375 0.853125 0.8390625 0.8484375 0.8453125 0.8484375 0.8515625 0.84375 0.859375 0.83125 0.859375 0.8296875 0.8546875 0.8359375 0.8390625 0.8359375 0.828125 0.83125 0.8078125 0.83125 0.790625 0.8390625 0.7609375 0.8546875 0.7171875 0.85625 0.696875 0.8703125 0.6609375 0.875 0.621875 0.8765625 0.6171875 0.8828125 0.6125
3 0.4890625 0.1359375 0.4921875 0.1375 0.4953125 0.1453125 0.4921875 0.1546875 0.4921875 0.16875 0.484375 0.171875 0.484375 0.1453125 0.4859375 0.1375 0.4875 0.1375
3 0.490625 0.16875 0.49375 0.1484375 0.4953125 0.146875 0.4984375 0.1484375 0.5 0.159375 0.5046875 0.1671875 0.5046875 0.203125 0.4984375 0.190625 0.496875 0.1765625 0.4921875 0.16875