0 0.4985330796875 0.55770555625 0.492619771875 0.5602101859374999 0.4851634984375 0.5680388890625 0.4895346 0.5990388890625 0.5011041828125 0.5777453703125001 0.503417490625 0.5467453703125 0.5013612171874999 0.5404833328125 0.49168745312500006 0.5524703703125 0.4985330796875 0.55770555625
0 0.5405307984375 0.1239703703125 0.541910265625 0.1250203703125 0.540703421875 0.1290101859375 0.542945246875 0.13258055625 0.54971863125 0.1290675921875 0.551050190625 0.108427778125 0.5576030421875 0.0914166671875 0.5486357421875 0.0767148140625 0.5467391640625 0.086165740625 0.5396684406250001 0.09330648124999999 0.5367368828125 0.0977166671875 0.5325984796875 0.12775 0.5363923953125 0.133840740625 0.5379444859375 0.1237601859375 0.5405307984375 0.1239703703125
2 0.55 0.1234375 0.5515625 0.134375 0.546875 0.153125 0.540625 0.153125 0.5375 0.1421875 0.5375 0.1328125 0.54375 0.13125 0.55 0.125
2 0.7859375 0.7359375 0.7953125 0.7390625 0.7984375 0.746875 0.7984375 0.7546875 0.7828125 0.7625 0.778125 0.7609375 0.775 0.7546875 0.7796875 0.7453125 0.7796875 0.7390625 0.784375 0.7359375
2 0.8140625 0.9859375 0.8171875 0.99375 0.815625 0.9984375 0.7875 0.9984375 0.7890625 0.99375 0.8 0.9859375 0.803125 0.984375 0.8125 0.9859375
2 0.49375 0.55 0.4953125 0.559375 0.4875 0.575 0.484375 0.5671875 0.484375 0.5578125 0.4921875 0.55
2 0.5359375 0.546875 0.0140625 0.03046875
2 0.7796875 0.8796875 0.784375 0.8765625 0.7984375 0.8734375 0.8015625 0.878125 0.8015625 0.8953125 0.803125 0.896875 0.8015625 0.90625 0.79375 0.9109375 0.7828125 0.9109375 0.7765625 0.90625 0.771875 0.8953125 0.7796875 0.8859375 0.7796875 0.88125
3 0.50625 0.0859375 0.5125 0.0921875 0.515625 0.1078125 0.515625 0.121875 0.5125 0.1375 0.521875 0.14375 0.528125 0.15625 0.5359375 0.1640625 0.5390625 0.1609375 0.5390625 0.134375 0.546875 0.1296875 0.55 0.13125 0.546875 0.15 0.546875 0.165625 0.5484375 0.1671875 0.546875 0.175 0.55 0.1828125 0.55 0.2046875 0.5484375 0.209375 0.5421875 0.2140625 0.534375 0.2109375 0.5296875 0.2140625 0.5359375 0.259375 0.5359375 0.2828125 0.5328125 0.3046875 0.534375 0.3375 0.53125 0.35625 0.53125 0.409375 0.5328125 0.4109375 0.53125 0.41875 0.5234375 0.4328125 0.521875 0.4328125 0.515625 0.409375 0.515625 0.38125 0.5140625 0.3796875 0.515625 0.3578125 0.5109375 0.3390625 0.5078125 0.3359375 0.5046875 0.3375 0.503125 0.3578125 0.5 0.3671875 0.484375 0.3671875 0.4796875 0.3578125 0.4765625 0.3421875 0.4796875 0.325 0.4796875 0.29375 0.4703125 0.271875 0.46875 0.246875 0.4578125 0.2265625 0.4578125 0.209375 0.465625 0.1875 0.46875 0.165625 0.48125 0.14375 0.49375 0.1359375 0.4890625 0.115625 0.490625 0.096875 0.496875 0.0875 0.5046875 0.0859375
3 0.496875 0.36875 0.5078125 0.3828125 0.5125 0.3953125 0.51875 0.446875 0.521875 0.453125 0.5265625 0.48125 0.5328125 0.4984375 0.534375 0.521875 0.5421875 0.5484375 0.5390625 0.5578125 0.53125 0.5578125 0.5296875 0.5546875 0.5265625 0.5609375 0.521875 0.5640625 0.515625 0.5671875 0.5046875 0.5671875 0.50625 0.5453125 0.503125 0.5421875 0.4984375 0.5421875 0.49375 0.55 0.4921875 0.5625 0.4859375 0.571875 0.4859375 0.578125 0.475 0.5875 0.4734375 0.634375 0.48125 0.6546875 0.4828125 0.6640625 0.48125 0.6796875 0.475 0.671875 0.471875 0.6578125 0.4703125 0.6328125 0.4734375 0.621875 0.4703125 0.6171875 0.4703125 0.6109375 0.4609375 0.58125 0.4609375 0.553125 0.453125 0.5328125 0.453125 0.45625 0.4546875 0.446875 0.4671875 0.4140625 0.4703125 0.396875 0.4828125 0.375 0.4953125 0.36875
3 0.9109375 0.8828125 0.9171875 0.884375 0.928125 0.89375 0.934375 0.9078125 0.9359375 0.921875 0.934375 0.9234375 0.934375 0.94375 0.9375 0.96875 0.9375 0.996875 0.9359375 0.9984375 0.7890625 0.9984375 0.7890625 0.99375 0.803125 0.984375 0.8078125 0.984375 0.8125 0.9796875 0.8140625 0.9734375 0.8328125 0.96875 0.8453125 0.9625 0.8484375 0.9546875 0.8625 0.9390625 0.86875 0.9265625 0.88125 0.915625 0.8859375 0.8953125 0.890625 0.8890625 0.9015625 0.8828125 0.909375 0.8828125
3 0.8671875 0.603125 0.871875 0.6046875 0.878125 0.6140625 0.8828125 0.6390625 0.8828125 0.6640625 0.8890625 0.66875 0.89375 0.678125 0.896875 0.703125 0.896875 0.725 0.8921875 0.7546875 0.8921875 0.7703125 0.8890625 0.7828125 0.884375 0.8609375 0.8734375 0.8859375 0.8625 0.9 0.8625 0.9265625 0.859375 0.9375 0.846875 0.95 0.84375 0.95625 0.8328125 0.965625 0.815625 0.9703125 0.8078125 0.978125 0.8046875 0.978125 0.8046875 0.940625 0.8078125 0.9078125 0.803125 0.903125 0.796875 0.9078125 0.7859375 0.9109375 0.778125 0.90625 0.7734375 0.89375 0.7796875 0.8875 0.7828125 0.878125 0.796875 0.8734375 0.8046875 0.875 0.8078125 0.871875 0.809375 0.8640625 0.8078125 0.853125 0.8125 0.8203125 0.8125 0.790625 0.81875 0.7640625 0.81875 0.7546875 0.8125 0.753125 0.7984375 0.7546875 0.790625 0.7578125 0.7796875 0.7578125 0.778125 0.753125 0.7828125 0.7390625 0.7859375 0.7375 0.796875 0.7390625 0.80625 0.725 0.821875 0.7109375 0.8296875 0.7 0.8421875 0.690625 0.84375 0.63125 0.846875 0.615625 0.8546875 0.6046875 0.865625 0.603125