0 0.8484375 0.75 0.85625 0.7515625 0.8515625 0.771875 0.846875 0.771875 0.84375 0.76875 0.84375 0.7578125 0.846875 0.7515625
0 0.8818774734374999 0.5528611109375 0.8823401828125 0.5517351859375 0.884345509375 0.544228703125 0.884962709375 0.5361601859375 0.88542541875 0.5295925921875 0.8877389656249999 0.5155194437499999 0.88604185625 0.5155194437499999 0.8851164390624999 0.5190851859375 0.8851164390624999 0.523025 0.885270928125 0.526402778125 0.8811103499999999 0.5270203703125 0.8786377468750001 0.542727778125 0.8770958906249999 0.5487324078125 0.8807975640624999 0.5526731484375 0.8818774734374999 0.5528611109375
2 0.878125 0.3640625 0.8828125 0.36875 0.8796875 0.3765625 0.8765625 0.3765625 0.875 0.36875 0.878125 0.365625
2 0.8828125 0.553125 0.8890625 0.553125 0.8890625 0.5640625 0.8859375 0.5671875 0.8796875 0.565625 0.8828125 0.5546875
2 0.853125 0.7140625 0.859375 0.715625 0.8640625 0.7234375 0.85625 0.7453125 0.846875 0.746875 0.84375 0.740625 0.853125 0.715625
2 0.8765625 0.371875 0.878125 0.3765625 0.8734375 0.3859375 0.865625 0.38125 0.865625 0.3734375 0.875 0.371875
2 0.8849802125 0.52036851875 0.884332571875 0.51879351875 0.88044825 0.518596296875 0.8775235921875 0.5188138890625 0.8781826484374999 0.526865740625 0.8828759515625 0.5262749999999999 0.8849802125 0.525290740625 0.8849802125 0.52036851875
3 0.1890625 0.353125 0.1953125 0.3640625 0.1953125 0.384375 0.1921875 0.3828125 0.1875 0.3875 0.1859375 0.396875 0.190625 0.4171875 0.2015625 0.4453125 0.20625 0.4515625 0.2046875 0.4578125 0.1984375 0.4625 0.1890625 0.4625 0.1890625 0.45625 0.1828125 0.4453125 0.18125 0.434375 0.1734375 0.41875 0.1671875 0.3984375 0.1703125 0.375 0.1765625 0.359375 0.1875 0.353125
3 0.834375 0.61875 0.8390625 0.6328125 0.8390625 0.6765625 0.84375 0.69375 0.85 0.70625 0.85 0.7109375 0.8546875 0.7171875 0.8609375 0.71875 0.8609375 0.7265625 0.859375 0.7359375 0.8546875 0.7453125 0.85 0.746875 0.84375 0.7546875 0.84375 0.7703125 0.8328125 0.809375 0.8296875 0.8328125 0.8203125 0.8484375 0.8140625 0.86875 0.815625 0.878125 0.825 0.890625 0.825 0.903125 0.821875 0.9046875 0.8171875 0.903125 0.8015625 0.89375 0.7984375 0.89375 0.7953125 0.8984375 0.796875 0.9 0.7953125 0.9078125 0.796875 0.9265625 0.80625 0.9484375 0.803125 0.95625 0.796875 0.95625 0.790625 0.95 0.7796875 0.9296875 0.784375 0.9078125 0.7875 0.8703125 0.7953125 0.8390625 0.7953125 0.709375 0.803125 0.678125 0.8140625 0.6578125 0.8125 0.6484375 0.8140625 0.6234375 0.8203125 0.6140625 0.828125 0.6140625 0.8328125 0.61875
3 0.8828125 0.4421875 0.8859375 0.44375 0.8890625 0.45 0.8890625 0.465625 0.884375 0.478125 0.88125 0.4796875 0.8765625 0.4890625 0.878125 0.496875 0.8765625 0.5453125 0.88125 0.553125 0.88125 0.5609375 0.878125 0.56875 0.878125 0.58125 0.875 0.59375 0.8671875 0.6109375 0.8671875 0.6171875 0.875 0.625 0.875 0.63125 0.871875 0.634375 0.85625 0.63125 0.853125 0.628125 0.8546875 0.609375 0.8515625 0.60625 0.8421875 0.60625 0.8359375 0.603125 0.8328125 0.5953125 0.8390625 0.578125 0.8484375 0.5671875 0.8375 0.5453125 0.8359375 0.525 0.840625 0.5046875 0.8484375 0.4921875 0.853125 0.4765625 0.8703125 0.459375 0.8734375 0.446875 0.88125 0.4421875
3 0.0359375 0.346875 0.028125 0.309375 0.03125 0.2984375 0.0375 0.3 0.0453125 0.334375 0.0453125 0.3375 0.0375 0.346875
3 0.8484375 0.4875 0.846875 0.453125 0.8515625 0.428125 0.8515625 0.3984375 0.853125 0.396875 0.853125 0.3734375 0.846875 0.3609375 0.85 0.3296875 0.8578125 0.3125 0.8609375 0.2984375 0.8609375 0.2828125 0.865625 0.275 0.8734375 0.2828125 0.8734375 0.3109375 0.8796875 0.3203125 0.88125 0.3296875 0.88125 0.3578125 0.8796875 0.359375 0.88125 0.3734375 0.8765625 0.3796875 0.878125 0.4109375 0.875 0.4203125 0.871875 0.4484375 0.8671875 0.4609375 0.8625 0.459375 0.865625 0.446875 0.865625 0.4296875 0.8625 0.4265625 0.859375 0.4296875 0.8546875 0.453125 0.8546875 0.4703125 0.8484375 0.4890625