0 0.5138675796875 0.8625046296875001 0.5138675796875 0.8527851859375 0.479105784375 0.8693648140624999 0.47015601250000005 0.8898351859375 0.483803653125 0.897377778125 0.5016537296875 0.8882305562499999 0.5138675796875 0.8625046296875001
0 0.0789863015625 0.5524583328125 0.0865905625 0.599090740625 0.11387747343750002 0.5862361109374999 0.11622450468750001 0.58409351875 0.10830213125000002 0.5412444437499999 0.10478158281250001 0.5419583328125 0.1062488578125 0.5516 0.10067427656250001 0.5655259265625 0.09451217656250001 0.5662398140625 0.0883508375 0.5473148140624999 0.0789863015625 0.5524583328125
1 0.4609375 0.9203125 0.465625 0.921875 0.46875 0.928125 0.4671875 0.940625 0.475 0.996875 0.4734375 0.9984375 0.4453125 0.9984375 0.434375 0.9953125 0.4359375 0.94375 0.4375 0.9390625 0.4421875 0.9359375 0.4359375 0.934375 0.4359375 0.9296875 0.4390625 0.925 0.459375 0.921875
1 0.109375 0.1125 0.1125 0.1171875 0.1125 0.1390625 0.1171875 0.146875 0.1203125 0.1625 0.121875 0.1921875 0.11875 0.203125 0.1109375 0.2078125 0.096875 0.2078125 0.090625 0.196875 0.09375 0.15625 0.0953125 0.15 0.10625 0.134375 0.1078125 0.1140625
2 0.36875 0.2296875 0.378125 0.234375 0.3765625 0.2484375 0.3734375 0.2515625 0.3671875 0.2484375 0.365625 0.2453125 0.3671875 0.23125
2 0.4703125 0.8875 0.4734375 0.8890625 0.478125 0.9046875 0.478125 0.915625 0.4703125 0.9203125 0.4625 0.9171875 0.4609375 0.9015625 0.4640625 0.890625 0.46875 0.8875
2 0.0890625 0.5375 0.09375 0.5359375 0.103125 0.5390625 0.1078125 0.55 0.103125 0.5640625 0.096875 0.565625 0.0890625 0.5484375 0.0890625 0.5390625
2 0.4140625 0.915625 0.4203125 0.91875 0.425 0.9296875 0.4265625 0.95625 0.421875 0.965625 0.415625 0.9625 0.4125 0.9578125 0.4109375 0.9484375 0.4125 0.9171875
2 0.053764840625 0.5735027781250001 0.0565738203125 0.5710611109375 0.057375951562500006 0.562515740625 0.055770928124999994 0.542496296875 0.05053044062499999 0.5390740734375 0.044135464062500004 0.5402990734374999 0.0459414 0.5647129625 0.053764840625 0.5735027781250001
3 0.390625 0.209375 0.4046875 0.225 0.4125 0.25 0.4140625 0.265625 0.425 0.3109375 0.4234375 0.33125 0.41875 0.3453125 0.4125 0.3546875 0.40625 0.3578125 0.4 0.3578125 0.396875 0.3515625 0.3921875 0.3265625 0.39375 0.321875 0.3828125 0.3125 0.38125 0.3078125 0.3703125 0.3046875 0.3640625 0.284375 0.359375 0.28125 0.353125 0.2828125 0.3453125 0.28125 0.346875 0.2734375 0.353125 0.265625 0.359375 0.2515625 0.365625 0.2453125 0.365625 0.23125 0.3609375 0.2171875 0.3640625 0.1984375 0.371875 0.1890625 0.3765625 0.1890625 0.38125 0.1953125 0.3828125 0.203125 0.3890625 0.209375
3 0.4453125 0.70625 0.4515625 0.709375 0.4640625 0.734375 0.471875 0.7703125 0.4828125 0.7796875 0.4984375 0.803125 0.521875 0.8828125 0.5203125 0.9078125 0.5140625 0.921875 0.5140625 0.9515625 0.5171875 0.9578125 0.5171875 0.9734375 0.5234375 0.9859375 0.5234375 0.990625 0.521875 0.9953125 0.515625 0.9984375 0.475 0.9984375 0.4734375 0.9953125 0.4640625 0.996875 0.4625 0.9953125 0.4359375 0.9953125 0.4328125 0.9734375 0.434375 0.971875 0.4328125 0.9671875 0.434375 0.9296875 0.4328125 0.928125 0.4265625 0.934375 0.4265625 0.9609375 0.421875 0.965625 0.41875 0.965625 0.4125 0.9578125 0.4109375 0.921875 0.4140625 0.8984375 0.4203125 0.8859375 0.41875 0.828125 0.4234375 0.8078125 0.421875 0.7984375 0.4234375 0.7765625 0.4203125 0.765625 0.421875 0.7625 0.41875 0.75 0.41875 0.7390625 0.4234375 0.721875 0.4296875 0.709375 0.434375 0.7046875 0.44375 0.70625
3 0.715625 0.759375 0.721875 0.7625 0.734375 0.775 0.7421875 0.7890625 0.74375 0.796875 0.740625 0.8140625 0.7328125 0.8296875 0.73125 0.8453125 0.7171875 0.8765625 0.7078125 0.8828125 0.703125 0.8984375 0.7046875 0.9109375 0.7109375 0.9265625 0.7125 0.940625 0.71875 0.9546875 0.71875 0.9875 0.7140625 0.9984375 0.6265625 0.9984375 0.625 0.9953125 0.6265625 0.9640625 0.6296875 0.95625 0.63125 0.9359375 0.6359375 0.921875 0.6359375 0.903125 0.640625 0.8796875 0.646875 0.8703125 0.6546875 0.8640625 0.6578125 0.8625 0.675 0.8640625 0.6828125 0.85625 0.6828125 0.828125 0.6796875 0.8109375 0.68125 0.7875 0.696875 0.753125 0.70625 0.7546875 0.7140625 0.759375
3 0.10234375 0.203125 0.05390625 0.27421875
3 0.8625 0.9046875 0.871875 0.91875 0.8796875 0.946875 0.8796875 0.9796875 0.8765625 0.9984375 0.821875 0.9984375 0.8203125 0.996875 0.8296875 0.9234375 0.8375 0.9078125 0.8421875 0.9046875 0.8453125 0.903125 0.8609375 0.9046875
3 0.0640625 0.3234375 0.0859375 0.3515625 0.0890625 0.3703125 0.0953125 0.375 0.1 0.3828125 0.1109375 0.4234375 0.1125 0.4703125 0.115625 0.49375 0.115625 0.540625 0.109375 0.553125 0.109375 0.5578125 0.1 0.5640625 0.0875 0.5515625 0.0828125 0.5515625 0.0796875 0.5546875 0.0859375 0.59375 0.0890625 0.596875 0.09375 0.59375 0.103125 0.5921875 0.1078125 0.59375 0.115625 0.6375 0.1140625 0.6734375 0.1171875 0.6875 0.1171875 0.703125 0.109375 0.7171875 0.0953125 0.7265625 0.0890625 0.725 0.0890625 0.7171875 0.096875 0.703125 0.1015625 0.66875 0.1 0.6640625 0.0984375 0.6625 0.096875 0.6640625 0.096875 0.6828125 0.090625 0.6890625 0.0890625 0.6953125 0.075 0.7046875 0.071875 0.703125 0.071875 0.696875 0.078125 0.6875 0.078125 0.6828125 0.0828125 0.6734375 0.084375 0.65625 0.078125 0.6375 0.0734375 0.6078125 0.0671875 0.5921875 0.065625 0.5796875 0.059375 0.565625 0.05625 0.5484375 0.0515625 0.5390625 0.046875 0.5375 0.040625 0.51875 0.0421875 0.5171875 0.0421875 0.4625 0.04375 0.4609375 0.0421875 0.4203125 0.05 0.403125 0.0515625 0.390625 0.05 0.3734375 0.04375 0.3578125 0.04375 0.3421875 0.0484375 0.3296875 0.0578125 0.3234375 0.0625 0.3234375
3 0.58125 0.7328125 0.5875 0.7390625 0.5953125 0.7546875 0.6078125 0.7921875 0.61875 0.8125 0.6234375 0.8171875 0.628125 0.8328125 0.6296875 0.8515625 0.6359375 0.8796875 0.63125 0.9078125 0.63125 0.928125 0.6265625 0.934375 0.621875 0.9984375 0.609375 0.996875 0.6078125 0.9984375 0.5296875 0.9984375 0.528125 0.99375 0.5296875 0.9890625 0.528125 0.9859375 0.528125 0.9109375 0.5296875 0.909375 0.53125 0.8515625 0.534375 0.84375 0.54375 0.8328125 0.5546875 0.8046875 0.55625 0.7484375 0.5625 0.7375 0.571875 0.7328125 0.5796875 0.7328125
3 0.3015625 0.903125 0.3203125 0.909375 0.328125 0.921875 0.3328125 0.9578125 0.3421875 0.975 0.3484375 0.9984375 0.284375 0.9984375 0.278125 0.9953125 0.278125 0.9828125 0.2703125 0.9609375 0.2703125 0.946875 0.275 0.9296875 0.284375 0.9109375 0.2890625 0.9046875 0.3 0.903125
3 0.8 0.7734375 0.809375 0.7796875 0.8203125 0.8046875 0.8203125 0.8359375 0.8171875 0.8546875 0.8171875 0.8734375 0.8125 0.8921875 0.815625 0.9359375 0.821875 0.9578125 0.821875 0.9734375 0.81875 0.984375 0.81875 0.99375 0.815625 0.9984375 0.746875 0.9984375 0.746875 0.9484375 0.7453125 0.946875 0.746875 0.9078125 0.7421875 0.8921875 0.74375 0.875 0.7515625 0.859375 0.7671875 0.8375 0.765625 0.809375 0.76875 0.796875 0.775 0.784375 0.7828125 0.775 0.7984375 0.7734375
3 0 0.5328125 0 0.484375 0.0125 0.48125 0.0171875 0.4828125 0.0234375 0.4921875 0.0296875 0.5078125 0.0296875 0.5171875 0.040625 0.5578125 0.0390625 0.5984375 0.0359375 0.60625 0.0328125 0.6078125 0.0296875 0.6046875 0.025 0.5796875 0.0140625 0.56875 0.0125 0.559375 0.0046875 0.5484375 0.0015625 0.5328125