0 0.4654414 0.2401870375 0.471709284375 0.2380361109375 0.473637746875 0.2302129625 0.47154870625 0.22297592656249998 0.46904185624999994 0.22442314843750003 0.46126331875000004 0.22884351875000003 0.461745053125 0.23979629687499998 0.4654414 0.2401870375
1 0.5125 0.2328125 0.5140625 0.246875 0.5109375 0.259375 0.5109375 0.2703125 0.50625 0.2859375 0.50625 0.309375 0.503125 0.3125 0.4875 0.3109375 0.4859375 0.2921875 0.4875 0.2890625 0.5046875 0.2859375 0.509375 0.2625 0.5109375 0.234375
1 0.421875 0.675 0.425 0.678125 0.4265625 0.6890625 0.415625 0.71875 0.415625 0.7328125 0.4203125 0.7546875 0.4203125 0.78125 0.409375 0.7828125 0.4046875 0.7859375 0.3953125 0.784375 0.3875 0.728125 0.3875 0.71875 0.396875 0.7140625 0.4015625 0.709375 0.4 0.7078125 0.4015625 0.7046875 0.4046875 0.70625 0.4078125 0.703125 0.4046875 0.69375 0.421875 0.6765625
2 0.4125 0.1796875 0.415625 0.1796875 0.4171875 0.1828125 0.4140625 0.190625 0.409375 0.1921875 0.409375 0.184375 0.4125 0.18125
2 0.009375 0.7375 0.0125 0.7390625 0.015625 0.746875 0.0140625 0.7640625 0.0109375 0.7671875 0.0046875 0.765625 0.003125 0.759375 0 0.7578125 0.003125 0.7515625 0.003125 0.74375 0.0078125 0.7390625
2 0.472180365625 0.23816666718750001 0.46306849375 0.24049537031249998 0.46416209999999997 0.2428240734375 0.470813546875 0.24637314843749997 0.47582496250000006 0.24493148125 0.47755631718749997 0.2416046296875 0.4767359203125 0.23051574062500002 0.47321308906250004 0.230215740625 0.472180365625 0.23816666718750001
3 0.484375 0.0953125 0.490625 0.1 0.4953125 0.109375 0.4953125 0.1234375 0.5015625 0.134375 0.5 0.15625 0.50625 0.1625 0.4984375 0.196875 0.4953125 0.196875 0.490625 0.1859375 0.484375 0.178125 0.4796875 0.153125 0.4765625 0.1484375 0.478125 0.128125 0.48125 0.1203125 0.4796875 0.0984375 0.4828125 0.096875
3 0.3875 0.5546875 0.39375 0.5625 0.3984375 0.559375 0.4046875 0.559375 0.409375 0.5625 0.4171875 0.5578125 0.4296875 0.5578125 0.465625 0.578125 0.471875 0.584375 0.48125 0.6234375 0.48125 0.6375 0.478125 0.6484375 0.4703125 0.6640625 0.4671875 0.6765625 0.453125 0.703125 0.453125 0.759375 0.4546875 0.7609375 0.453125 0.771875 0.45625 0.7828125 0.45625 0.79375 0.453125 0.796875 0.4421875 0.7953125 0.4390625 0.8 0.440625 0.83125 0.434375 0.8359375 0.4265625 0.8359375 0.41875 0.840625 0.4125 0.840625 0.40625 0.8359375 0.40625 0.825 0.421875 0.803125 0.421875 0.7546875 0.41875 0.74375 0.4171875 0.71875 0.4234375 0.7 0.4265625 0.696875 0.4390625 0.6546875 0.4359375 0.6515625 0.425 0.6703125 0.41875 0.6765625 0.4109375 0.6796875 0.4078125 0.6765625 0.4078125 0.671875 0.421875 0.65 0.409375 0.640625 0.4046875 0.6421875 0.4015625 0.66875 0.403125 0.678125 0.3984375 0.69375 0.3984375 0.709375 0.39375 0.7140625 0.3875 0.715625 0.3859375 0.63125 0.384375 0.6296875 0.3859375 0.628125 0.384375 0.6234375 0.3859375 0.6125 0.36875 0.5859375 0.36875 0.5703125 0.371875 0.559375 0.3796875 0.553125 0.3859375 0.5546875
3 0.421875 0.1 0.4265625 0.1 0.4296875 0.103125 0.43125 0.1140625 0.440625 0.128125 0.446875 0.153125 0.446875 0.2015625 0.440625 0.2390625 0.440625 0.290625 0.425 0.3 0.41875 0.296875 0.425 0.2875 0.428125 0.2734375 0.4296875 0.225 0.421875 0.1890625 0.4171875 0.1859375 0.4109375 0.190625 0.409375 0.1859375 0.4203125 0.1609375 0.421875 0.1296875 0.4171875 0.109375 0.421875 0.1015625
3 0.5046875 0.196875 0.5109375 0.203125 0.5125 0.221875 0.51875 0.2296875 0.5234375 0.240625 0.5265625 0.2625 0.5265625 0.29375 0.5234375 0.3125 0.515625 0.3234375 0.5140625 0.3625 0.5078125 0.3796875 0.50625 0.3921875 0.5046875 0.39375 0.503125 0.3890625 0.503125 0.3421875 0.5015625 0.340625 0.5 0.3421875 0.496875 0.3703125 0.4984375 0.371875 0.496875 0.384375 0.4984375 0.390625 0.4953125 0.415625 0.490625 0.415625 0.4890625 0.4109375 0.4921875 0.39375 0.490625 0.3921875 0.490625 0.328125 0.4859375 0.29375 0.4875 0.2890625 0.4859375 0.284375 0.48125 0.2828125 0.478125 0.2890625 0.4734375 0.290625 0.471875 0.278125 0.4765625 0.2640625 0.4796875 0.2609375 0.484375 0.240625 0.4875 0.234375 0.496875 0.225 0.4984375 0.203125 0.503125 0.1984375
3 0 0.5546875 0.0046875 0.5546875 0.0078125 0.5578125 0.0125 0.56875 0.0140625 0.5921875 0.0265625 0.6 0.0359375 0.625 0.0421875 0.66875 0.053125 0.703125 0.05 0.7171875 0.0484375 0.753125 0.0453125 0.771875 0.046875 0.7859375 0.0578125 0.81875 0.0578125 0.825 0.0625 0.8375 0.0703125 0.878125 0.0765625 0.8984375 0.078125 0.9125 0.08125 0.91875 0.0796875 0.93125 0.065625 0.9484375 0.0625 0.9515625 0.0578125 0.9515625 0.0546875 0.946875 0.053125 0.934375 0.0609375 0.9203125 0.0609375 0.9109375 0.0578125 0.9078125 0.046875 0.9078125 0.04375 0.9015625 0.04375 0.89375 0.0484375 0.8890625 0.05625 0.8859375 0.05625 0.8796875 0.0484375 0.8578125 0.0390625 0.8421875 0.0296875 0.8109375 0.0296875 0.8046875 0.021875 0.7859375 0.021875 0.7765625 0.025 0.76875 0.0234375 0.7625 0.0203125 0.7578125 0.0171875 0.7578125 0.0125 0.765625 0.0078125 0.765625 0.003125 0.7609375 0.003125 0.74375 0.00625 0.7328125 0.003125 0.7171875 0 0.7125 0 0.628125 0.003125 0.625 0.003125 0.6171875 0 0.615625 0 0.55625
3 0.475 0.15 0.478125 0.1546875 0.48125 0.1765625 0.4921875 0.1921875 0.4953125 0.2109375 0.49375 0.2203125 0.4796875 0.246875 0.478125 0.2578125 0.4703125 0.2765625 0.4703125 0.290625 0.4734375 0.29375 0.478125 0.2921875 0.4796875 0.2890625 0.484375 0.2890625 0.4859375 0.3234375 0.4828125 0.334375 0.48125 0.35625 0.478125 0.35625 0.4765625 0.353125 0.475 0.3234375 0.4734375 0.321875 0.471875 0.3234375 0.471875 0.3625 0.4703125 0.3765625 0.4671875 0.3796875 0.4625 0.3765625 0.465625 0.353125 0.4640625 0.3515625 0.4609375 0.2796875 0.45625 0.2625 0.4578125 0.2578125 0.45625 0.25625 0.45625 0.2390625 0.4515625 0.23125 0.45 0.21875 0.4546875 0.1921875 0.4578125 0.1859375 0.4671875 0.1765625 0.4671875 0.159375 0.465625 0.1578125 0.4671875 0.1515625 0.4734375 0.15