0 0.498445034375 0.45158900312499994 0.500789234375 0.4511453875 0.5051152390625 0.449150046875 0.5058362390625 0.43806523750000004 0.5002479156249999 0.4258723203125 0.4960295671875 0.42657781874999995 0.4944791515625 0.44205591875000005 0.49700303281249997 0.45136719531249997 0.498445034375 0.45158900312499994
0 0.45942380624999996 0.64648835 0.4610341171875 0.64426001875 0.462040940625 0.63930848125 0.45962471562499996 0.6353466921875001 0.4580144046875 0.6289096 0.45660500312499996 0.6256905875000001 0.45257846874999996 0.623215284375 0.44895451093750005 0.623215284375 0.44041849843750003 0.6275638390625 0.44009628437500004 0.638565703125 0.43848597500000003 0.6521835968749999 0.44633737656249994 0.6457455734375 0.45942380624999996 0.64648835
0 0.47250947656250003 0.6363373718750001 0.464255496875 0.6217297296875001 0.45757164531249994 0.6266728796875001 0.460429871875 0.63608946875 0.46365125156250003 0.6422795906250001 0.466268384375 0.6415368124999999 0.47250947656250003 0.6363373718750001
0 0.4366739953125 0.66060111875 0.437881728125 0.651687790625 0.43989537500000003 0.643517240625 0.43566717187500004 0.6432702703125 0.43325170625 0.6450027953124999 0.43083548125000004 0.64698415625 0.42841925625000005 0.6450027953124999 0.42841925625000005 0.6412889093749999 0.426607278125 0.638565703125 0.4241918125 0.6398033546875 0.41936012187499994 0.6554016781249999 0.42399014375000005 0.6618397015624999 0.4330500375 0.6658005593749999 0.4366739953125 0.66060111875
1 0.453125 0.2359375 0.4640625 0.23125 0.46875 0.24375 0.46875 0.2609375 0.4640625 0.26875 0.45625 0.26875 0.453125 0.2625 0.453125 0.2375
1 0.48125 0.525 0.484375 0.5296875 0.4859375 0.5421875 0.503125 0.5546875 0.515625 0.5734375 0.5171875 0.596875 0.5125 0.609375 0.503125 0.6046875 0.49375 0.5890625 0.48125 0.58125 0.478125 0.5734375 0.4734375 0.56875 0.4625 0.5796875 0.4578125 0.5921875 0.453125 0.5921875 0.4515625 0.5890625 0.453125 0.58125 0.4625 0.5671875 0.465625 0.565625 0.4640625 0.5578125 0.4609375 0.55625 0.453125 0.5578125 0.453125 0.5546875 0.4609375 0.5453125 0.4703125 0.5390625 0.471875 0.5265625 0.4796875 0.525
1 0.521875 0.625 0.525 0.6296875 0.5265625 0.640625 0.5265625 0.671875 0.5234375 0.6828125 0.5109375 0.68125 0.515625 0.63125 0.5140625 0.6265625 0.5203125 0.625
1 0.48125 0.215625 0.4859375 0.2296875 0.484375 0.240625 0.4796875 0.24375 0.471875 0.24375 0.46875 0.2390625 0.46875 0.23125 0.478125 0.221875 0.4796875 0.2171875
2 0.4359375 0.63125 0.4390625 0.6328125 0.4390625 0.6453125 0.428125 0.64375 0.428125 0.640625 0.434375 0.6328125
2 0.9078125 0.79375 0.9171875 0.8 0.921875 0.8078125 0.9171875 0.8265625 0.915625 0.828125 0.9125 0.8265625 0.9109375 0.8140625 0.9046875 0.796875 0.90625 0.7953125
2 0.503125 0.45078125 0.0125 0.02109375
2 0.82265625 0.7453125 0.0140625 0.01875
3 0.471875 0.1734375 0.4765625 0.1828125 0.4796875 0.209375 0.4796875 0.2203125 0.4734375 0.23125 0.475 0.2453125 0.4734375 0.271875 0.4765625 0.284375 0.4765625 0.30625 0.4734375 0.3078125 0.4671875 0.3078125 0.4625 0.3015625 0.465625 0.28125 0.4640625 0.26875 0.46875 0.2625 0.46875 0.2390625 0.4625 0.23125 0.4625 0.2109375 0.465625 0.2046875 0.465625 0.178125 0.4703125 0.1734375
3 0.50625 0.3640625 0.5109375 0.3609375 0.515625 0.3609375 0.5203125 0.36875 0.521875 0.3765625 0.5203125 0.39375 0.5265625 0.4 0.5296875 0.409375 0.5296875 0.41875 0.5328125 0.425 0.5375 0.4484375 0.5375 0.453125 0.5296875 0.4609375 0.5296875 0.4703125 0.5265625 0.48125 0.5265625 0.5015625 0.5234375 0.515625 0.5234375 0.5375 0.521875 0.5515625 0.51875 0.5546875 0.51875 0.5671875 0.515625 0.5671875 0.5140625 0.5640625 0.51875 0.5609375 0.5203125 0.50625 0.5140625 0.49375 0.509375 0.4734375 0.5 0.4578125 0.4984375 0.45 0.490625 0.440625 0.4875 0.440625 0.4890625 0.41875 0.49375 0.40625 0.5015625 0.3984375 0.503125 0.39375 0.5015625 0.38125 0.50625 0.365625
3 0.528125 0.25 0.5359375 0.2484375 0.540625 0.253125 0.546875 0.2515625 0.5515625 0.2546875 0.5546875 0.2609375 0.553125 0.2734375 0.546875 0.278125 0.5453125 0.2828125 0.546875 0.3296875 0.534375 0.33125 0.528125 0.3375 0.528125 0.35625 0.5328125 0.3703125 0.5296875 0.403125 0.5234375 0.39375 0.521875 0.365625 0.5171875 0.359375 0.515625 0.3484375 0.5171875 0.2875 0.5203125 0.278125 0.5203125 0.2640625 0.5234375 0.25625 0.528125 0.2515625
3 0.95 0.7328125 0.9546875 0.7359375 0.959375 0.7453125 0.9609375 0.76875 0.965625 0.790625 0.9515625 0.8796875 0.946875 0.8953125 0.9359375 0.9171875 0.9328125 0.9203125 0.925 0.915625 0.921875 0.91875 0.9171875 0.9328125 0.9140625 0.9359375 0.9109375 0.9515625 0.896875 0.9765625 0.8953125 0.990625 0.8921875 0.99375 0.8765625 0.9921875 0.8734375 0.9875 0.8734375 0.9828125 0.875 0.9796875 0.8859375 0.975 0.890625 0.9703125 0.89375 0.9640625 0.884375 0.95 0.8875 0.9453125 0.896875 0.9453125 0.903125 0.934375 0.9046875 0.915625 0.9078125 0.909375 0.9078125 0.8984375 0.8984375 0.875 0.8984375 0.86875 0.9125 0.8328125 0.9125 0.80625 0.91875 0.8 0.91875 0.790625 0.9328125 0.7734375 0.9390625 0.7484375 0.9484375 0.734375
3 0.871875 0.6625 0.8734375 0.6640625 0.878125 0.6625 0.8828125 0.646875 0.8875 0.6421875 0.8953125 0.6421875 0.9015625 0.65 0.9015625 0.6671875 0.8984375 0.68125 0.90625 0.6984375 0.9046875 0.75 0.8984375 0.765625 0.896875 0.7796875 0.8875 0.7921875 0.884375 0.8046875 0.8796875 0.8109375 0.875 0.825 0.8609375 0.9046875 0.853125 0.9203125 0.853125 0.9328125 0.8484375 0.94375 0.84375 0.9390625 0.84375 0.9046875 0.8484375 0.8765625 0.8546875 0.85625 0.8578125 0.825 0.85625 0.8234375 0.853125 0.8265625 0.85 0.834375 0.8421875 0.884375 0.8265625 0.9015625 0.821875 0.9015625 0.821875 0.890625 0.8296875 0.8765625 0.83125 0.8546875 0.834375 0.8453125 0.8484375 0.8203125 0.8453125 0.7671875 0.8484375 0.7390625 0.8546875 0.725 0.8546875 0.71875 0.853125 0.7171875 0.85 0.71875 0.84375 0.7296875 0.8296875 0.74375 0.8265625 0.75 0.8171875 0.7515625 0.8171875 0.74375 0.8234375 0.734375 0.8234375 0.7296875 0.8421875 0.6921875 0.8609375 0.665625 0.8703125 0.6625
3 0.471875 0.5234375 0.4796875 0.5125 0.48125 0.5046875 0.48125 0.4875 0.471875 0.4828125 0.471875 0.4765625 0.475 0.4703125 0.475 0.45625 0.48125 0.44375 0.484375 0.4421875 0.49375 0.44375 0.5 0.45625 0.5 0.4609375 0.5078125 0.471875 0.5203125 0.5125 0.51875 0.571875 0.515625 0.571875 0.5125 0.5640625 0.496875 0.5484375 0.4875 0.5421875 0.4859375 0.5328125 0.48125 0.525 0.4734375 0.5234375 0.4703125 0.528125 0.4703125 0.525
3 0.503125 0.1234375 0.5078125 0.140625 0.5078125 0.175 0.5046875 0.18125 0.50625 0.2140625 0.5046875 0.215625 0.4984375 0.215625 0.49375 0.209375 0.49375 0.1703125 0.490625 0.1625 0.490625 0.1421875 0.4984375 0.125 0.5015625 0.1234375
3 0.43125 0.5546875 0.4390625 0.5625 0.4453125 0.5625 0.4609375 0.55625 0.4671875 0.559375 0.4671875 0.5671875 0.46875 0.56875 0.4734375 0.5671875 0.478125 0.5765625 0.496875 0.5921875 0.503125 0.6046875 0.5125 0.6109375 0.5125 0.653125 0.503125 0.7203125 0.4890625 0.765625 0.4890625 0.778125 0.48125 0.7875 0.471875 0.79375 0.4671875 0.79375 0.4625 0.7890625 0.4625 0.7859375 0.4765625 0.765625 0.4765625 0.75625 0.4640625 0.75 0.4640625 0.7421875 0.4671875 0.7390625 0.478125 0.7359375 0.48125 0.7296875 0.4828125 0.65625 0.48125 0.6546875 0.46875 0.6609375 0.4640625 0.6609375 0.4609375 0.6578125 0.4578125 0.65 0.4625 0.6421875 0.46875 0.6390625 0.4703125 0.6359375 0.46875 0.6296875 0.459375 0.621875 0.45625 0.6109375 0.4484375 0.6 0.4359375 0.6015625 0.4171875 0.5859375 0.415625 0.5734375 0.41875 0.5625 0.4234375 0.5546875 0.4265625 0.553125 0.4296875 0.5546875