0 0.186203634375 0.965052778125 0.1923255109375 0.9523518515625 0.1947214234375 0.9259731484374999 0.18247766875 0.9145749999999999 0.17239742656249998 0.911697221875 0.1678380015625 0.9223916671874999 0.1683701734375 0.9334638890625 0.16384557187499998 0.9429074078124999 0.186203634375 0.965052778125
0 0.3462096890625 0.803540740625 0.3491370171875 0.8094398140625 0.3513762296875 0.8197648140625 0.3565420140625 0.8410444437500001 0.3710075703125 0.8332490734375 0.37204087812500003 0.8290351859375 0.365669190625 0.8037509265624999 0.356192278125 0.79085555625 0.3522369421875 0.7913203703125 0.34517638125 0.7980629625 0.3462096890625 0.803540740625
0 0.3332937171875 0.8107046296875 0.3353603328125 0.8286138890625001 0.3401824375 0.84694444375 0.349481453125 0.8640111109375 0.35516426874999996 0.86675 0.36170855468749996 0.8791814812500001 0.3629137015625 0.8772851859375 0.3615367140625 0.8532657406249999 0.35464799375 0.8332490734375 0.3455208171875 0.80016944375 0.3301937921875 0.8018546296875 0.3296775171875 0.8062796296875 0.33036638906250004 0.8069120375000001 0.3332937171875 0.8107046296875
2 0.171875 0.903125 0.1765625 0.9109375 0.171875 0.9140625 0.1703125 0.91875 0.1671875 0.940625 0.1640625 0.940625 0.1625 0.9359375 0.1625 0.9125 0.1703125 0.9046875
2 0.2765625 0.88125 0.2703125 0.859375 0.278125 0.8515625 0.28125 0.853125 0.284375 0.8625 0.284375 0.8734375 0.2828125 0.878125 0.278125 0.88125
2 0.715625 0.5140625 0.015625 0.028125
2 0.7453125 0.4921875 0.7484375 0.49375 0.7515625 0.50625 0.7484375 0.5203125 0.74375 0.5234375 0.7375 0.5234375 0.7328125 0.5109375 0.734375 0.5 0.740625 0.49375 0.74375 0.49375
2 0.328125 0.8515625 0.3171875 0.83125 0.31875 0.821875 0.3265625 0.8140625 0.3328125 0.8234375 0.3375 0.8375 0.3375 0.85 0.3296875 0.8515625
1 0.41875 0.728125 0.4265625 0.7296875 0.4359375 0.7421875 0.45 0.8046875 0.4609375 0.825 0.4640625 0.8375 0.4703125 0.84375 0.4703125 0.865625 0.465625 0.86875 0.459375 0.8828125 0.45625 0.884375 0.453125 0.8796875 0.446875 0.8359375 0.446875 0.8125 0.4484375 0.8109375 0.4421875 0.790625 0.4390625 0.7640625 0.4296875 0.75 0.4203125 0.740625 0.41875 0.7296875
1 0.7234375 0.521875 0.725 0.5328125 0.7296875 0.5421875 0.73125 0.5703125 0.7359375 0.5796875 0.740625 0.603125 0.740625 0.6203125 0.7421875 0.621875 0.740625 0.6359375 0.7328125 0.6453125 0.721875 0.6515625 0.7140625 0.653125 0.7015625 0.6515625 0.6953125 0.6453125 0.69375 0.640625 0.690625 0.6109375 0.69375 0.5703125 0.6984375 0.55 0.7046875 0.5375 0.7078125 0.525 0.7109375 0.5234375 0.7171875 0.528125 0.7234375 0.5234375
3 0.3921875 0.6671875 0.4046875 0.6796875 0.4125 0.6953125 0.4171875 0.725 0.43125 0.734375 0.4375 0.746875 0.44375 0.790625 0.4484375 0.8015625 0.45 0.8140625 0.4484375 0.815625 0.4484375 0.8359375 0.4515625 0.85 0.4515625 0.8671875 0.4546875 0.8734375 0.4546875 0.8875 0.4484375 0.9140625 0.4484375 0.9484375 0.4453125 0.9640625 0.45625 0.9984375 0.4 0.9984375 0.3984375 0.996875 0.3859375 0.95 0.378125 0.9421875 0.365625 0.9359375 0.3328125 0.8796875 0.33125 0.8578125 0.3234375 0.8359375 0.3234375 0.8265625 0.3296875 0.8234375 0.3359375 0.834375 0.3390625 0.846875 0.353125 0.8703125 0.359375 0.875 0.3625 0.8703125 0.359375 0.8453125 0.3703125 0.83125 0.365625 0.796875 0.3671875 0.7875 0.3765625 0.7640625 0.375 0.753125 0.3671875 0.740625 0.3625 0.7234375 0.3625 0.6890625 0.3671875 0.6734375 0.371875 0.6671875 0.378125 0.6640625 0.3890625 0.6640625 0.390625 0.6671875
3 0.175 0.609375 0.1859375 0.6078125 0.1921875 0.6109375 0.196875 0.6171875 0.2 0.6296875 0.2 0.6703125 0.2078125 0.7015625 0.2171875 0.7125 0.2296875 0.7171875 0.2375 0.725 0.240625 0.7375 0.25 0.753125 0.25625 0.7765625 0.2609375 0.784375 0.2671875 0.8140625 0.275 0.8328125 0.275 0.8390625 0.2828125 0.8625 0.2828125 0.8703125 0.278125 0.8765625 0.2734375 0.8640625 0.2671875 0.8578125 0.2609375 0.859375 0.265625 0.8828125 0.2671875 0.909375 0.275 0.93125 0.2796875 0.953125 0.2921875 0.9875 0.2921875 0.9984375 0.271875 0.9984375 0.2609375 0.98125 0.259375 0.9734375 0.25625 0.9703125 0.240625 0.9328125 0.234375 0.93125 0.2328125 0.9328125 0.234375 0.9546875 0.2421875 0.9859375 0.2421875 0.996875 0.2203125 0.9984375 0.209375 0.9671875 0.2 0.921875 0.1875 0.896875 0.18125 0.8765625 0.178125 0.8734375 0.1703125 0.8921875 0.1734375 0.9109375 0.1703125 0.9140625 0.1671875 0.9328125 0.165625 0.9359375 0.1640625 0.9328125 0.15625 0.8875 0.15625 0.8578125 0.1515625 0.8234375 0.1515625 0.7921875 0.1609375 0.7609375 0.1625 0.7203125 0.1703125 0.7015625 0.1640625 0.68125 0.1609375 0.6390625 0.1640625 0.6234375 0.175 0.6109375
3 0.7421875 0.315625 0.7546875 0.325 0.7609375 0.3390625 0.7640625 0.35625 0.759375 0.3734375 0.7765625 0.3890625 0.784375 0.403125 0.790625 0.44375 0.7875 0.4859375 0.7859375 0.490625 0.7671875 0.5125 0.7671875 0.5375 0.7546875 0.5796875 0.7515625 0.6015625 0.746875 0.615625 0.7453125 0.6171875 0.74375 0.615625 0.740625 0.59375 0.7359375 0.575 0.7328125 0.5703125 0.7328125 0.5515625 0.73125 0.55 0.7328125 0.54375 0.7296875 0.5390625 0.7265625 0.521875 0.7234375 0.5203125 0.71875 0.5234375 0.7140625 0.5234375 0.7109375 0.5203125 0.7078125 0.5046875 0.7 0.490625 0.696875 0.478125 0.696875 0.4609375 0.7 0.4515625 0.7015625 0.41875 0.7046875 0.4 0.7078125 0.3921875 0.7265625 0.3734375 0.7234375 0.3609375 0.7234375 0.35 0.7328125 0.3234375 0.740625 0.3171875