0 0.5878004546875 0.2934434140625 0.5856593328125 0.2813330234375 0.58110925625 0.2839517625 0.5693330796875 0.30555380312499997 0.5696092562499999 0.3092912796875 0.5696009109375 0.3189730984375 0.57227769375 0.31962801406249997 0.5878004546875 0.2934434140625
1 0.5425933234375 0.45205565937500003 0.543690440625 0.44780705000000004 0.5521009109375 0.44646567656249997 0.5513695000000001 0.39503525 0.5304749625 0.39601298749999997 0.534 0.45026716093749997 0.5378399093749999 0.45518645625 0.5425933234375 0.45205565937500003
2 0.825 0.3484375 0.828125 0.35 0.83125 0.35625 0.83125 0.3671875 0.8234375 0.3703125 0.821875 0.365625 0.821875 0.35 0.8234375 0.35
2 0.575 0.30625 0.5765625 0.3140625 0.5734375 0.321875 0.56875 0.321875 0.56875 0.3109375 0.5734375 0.30625
2 0.9421875 0.3703125 0.94375 0.3734375 0.9375 0.3890625 0.928125 0.384375 0.928125 0.375 0.9375 0.36875 0.940625 0.3703125
2 0.546875 0.3859375 0.5484375 0.3890625 0.546875 0.396875 0.5359375 0.39375 0.5359375 0.3890625 0.5390625 0.3859375 0.5421875 0.384375 0.5453125 0.3859375
0 0.9307427921875 0.35594526875 0.9284620640625001 0.353505565625 0.9235462828125 0.3578423 0.9250417296875 0.35908070468750003 0.9204810312499999 0.369360853125 0.9224764796875 0.3738905375 0.926039453125 0.375632653125 0.9287473437499999 0.37075417499999996 0.9348763281249999 0.37023191093749996 0.9374415781250001 0.367444340625 0.9344484062499999 0.364307978125 0.9328808796875 0.360474953125 0.9307427921875 0.35594526875
3 0.8953125 0.271875 0.8984375 0.271875 0.903125 0.2765625 0.9078125 0.290625 0.909375 0.3328125 0.9046875 0.3375 0.8890625 0.3375 0.884375 0.3328125 0.871875 0.33125 0.875 0.3203125 0.88125 0.3125 0.8828125 0.296875 0.8890625 0.28125 0.8953125 0.2734375
3 0.534375 0.2046875 0.5390625 0.2109375 0.540625 0.2234375 0.55 0.2453125 0.553125 0.25625 0.553125 0.26875 0.5515625 0.28125 0.540625 0.2796875 0.5296875 0.2890625 0.528125 0.29375 0.5296875 0.3078125 0.525 0.3234375 0.5234375 0.3515625 0.525 0.353125 0.525 0.36875 0.53125 0.3890625 0.525 0.41875 0.5109375 0.4171875 0.509375 0.4109375 0.515625 0.403125 0.5171875 0.3921875 0.515625 0.3453125 0.51875 0.328125 0.51875 0.290625 0.5234375 0.26875 0.51875 0.2296875 0.51875 0.2125 0.525 0.20625 0.5328125 0.2046875
3 0.5484375 0.253125 0.5515625 0.2546875 0.553125 0.259375 0.5515625 0.2875 0.5546875 0.3 0.5546875 0.325 0.5578125 0.3375 0.5578125 0.3578125 0.5515625 0.3734375 0.5546875 0.390625 0.55 0.4 0.5515625 0.46875 0.5546875 0.4890625 0.5546875 0.5078125 0.5578125 0.5125 0.55625 0.51875 0.546875 0.51875 0.5390625 0.515625 0.5375 0.5078125 0.53125 0.4984375 0.5328125 0.41875 0.5296875 0.40625 0.5296875 0.3859375 0.5234375 0.359375 0.525 0.3578125 0.5234375 0.3390625 0.5265625 0.325 0.525 0.3140625 0.5265625 0.3125 0.5265625 0.2859375 0.5390625 0.2796875 0.5328125 0.2703125 0.5296875 0.26875 0.5265625 0.2703125 0.525 0.259375 0.5265625 0.2546875 0.5375 0.2546875 0.540625 0.2515625 0.546875 0.253125
3 0.859375 0.25625 0.8625 0.259375 0.8609375 0.284375 0.8671875 0.2953125 0.8703125 0.3078125 0.86875 0.3296875 0.8671875 0.3328125 0.8421875 0.334375 0.8375 0.359375 0.825 0.371875 0.821875 0.371875 0.8203125 0.35625 0.8171875 0.35 0.8171875 0.334375 0.821875 0.315625 0.83125 0.2890625 0.84375 0.275 0.846875 0.25625 0.8484375 0.2546875 0.8578125 0.25625
3 0.4765625 0.2828125 0.48125 0.2859375 0.490625 0.3140625 0.4890625 0.334375 0.4921875 0.34375 0.4921875 0.371875 0.4890625 0.3796875 0.4890625 0.3984375 0.4921875 0.415625 0.4921875 0.45 0.4890625 0.45625 0.4796875 0.459375 0.478125 0.465625 0.478125 0.4921875 0.484375 0.5375 0.484375 0.559375 0.4796875 0.565625 0.4703125 0.56875 0.4640625 0.56875 0.459375 0.565625 0.4609375 0.5578125 0.453125 0.534375 0.453125 0.525 0.4625 0.45625 0.4609375 0.453125 0.4609375 0.390625 0.465625 0.3796875 0.465625 0.353125 0.46875 0.34375 0.465625 0.290625 0.4703125 0.2828125 0.475 0.2828125
3 0.959375 0.28125 0.9640625 0.2859375 0.9703125 0.3125 0.9703125 0.3421875 0.96875 0.34375 0.9703125 0.378125 0.9671875 0.39375 0.9625 0.4015625 0.9640625 0.403125 0.9640625 0.4265625 0.9578125 0.4390625 0.953125 0.4578125 0.95 0.4609375 0.9484375 0.475 0.95 0.5265625 0.9484375 0.5328125 0.9515625 0.5453125 0.9453125 0.5515625 0.940625 0.5515625 0.9375 0.5484375 0.928125 0.5328125 0.9328125 0.4984375 0.934375 0.4546875 0.9390625 0.4234375 0.9375 0.409375 0.9390625 0.390625 0.93125 0.3828125 0.9296875 0.3765625 0.9390625 0.3640625 0.9421875 0.340625 0.9484375 0.325 0.946875 0.2859375 0.953125 0.28125 0.9578125 0.28125