0 0.6958939390625 0.5375088046875 0.6928992421875 0.5324698796875 0.6865363640625 0.543004634375 0.68691060625 0.546898053125 0.68691060625 0.554455978125 0.6878462125 0.554913809375 0.6914022734375 0.5514782203124999 0.691776515625 0.55560055625 0.69570681875 0.55468489375 0.699262121875 0.5514782203124999 0.7013212125 0.555142725 0.706 0.5503336421875 0.7063742421875 0.5436923078125 0.7048772734375001 0.5386533828125 0.70335 0.5312956437499999 0.6987007578125 0.5310963859375 0.6979522734375 0.534073215625 0.6958939390625 0.5375088046875
0 0.6034613640625001 0.536813715625 0.6069371218749999 0.531345690625 0.6094196968750001 0.519345690625 0.6091712125 0.5135736796875 0.607309090625 0.510991659375 0.6049507578125 0.5090166828125 0.6042060609375 0.5093206671875 0.60358560625 0.51326969375 0.602840909375 0.5149406859375001 0.6011030296875 0.5135736796875 0.5993651515625 0.5125106578125 0.5986666671875 0.5156923078125 0.5942757578125 0.5264847078125 0.59539318125 0.533319740625 0.5978757578125 0.5377247453125 0.6034613640625001 0.536813715625
0 0.5491886359375 0.3997006484375 0.5445477265625 0.40102595 0.5420727265624999 0.399511584375 0.5437742421875 0.395157553125 0.5470227265625 0.39042539375 0.5470227265625 0.3873966640625 0.5362098484375 0.3917312328125 0.5373575749999999 0.4137089890625 0.5441636359375 0.4150333640625 0.548340909375 0.413329934375 0.5491886359375 0.3997006484375
1 0.575 0.2875 0.5859375 0.3046875 0.5859375 0.31875 0.584375 0.3203125 0.58125 0.31875 0.58125 0.3078125 0.578125 0.3046875 0.56875 0.3234375 0.5640625 0.325 0.5640625 0.315625 0.5609375 0.3109375 0.55 0.3234375 0.540625 0.34375 0.5390625 0.34375 0.540625 0.328125 0.55 0.31875 0.553125 0.309375 0.5640625 0.2953125 0.5640625 0.2921875 0.56875 0.2875 0.5734375 0.2875
1 0.6015625 0.390625 0.603125 0.390625 0.5984375 0.4 0.5984375 0.4046875 0.5953125 0.4109375 0.5921875 0.4125 0.5921875 0.41875 0.5890625 0.4234375 0.5828125 0.446875 0.578125 0.4546875 0.5765625 0.4734375 0.571875 0.4890625 0.5703125 0.490625 0.5609375 0.4890625 0.5546875 0.478125 0.5546875 0.465625 0.559375 0.45 0.5640625 0.446875 0.56875 0.45 0.575 0.45 0.578125 0.446875 0.5875 0.4171875 0.59375 0.409375 0.6015625 0.3921875
2 0.553125 0.4796875 0.55625 0.48125 0.559375 0.4875 0.559375 0.4984375 0.55625 0.509375 0.5546875 0.509375 0.553125 0.5078125 0.553125 0.48125
2 0.653125 0.465625 0.6578125 0.465625 0.6609375 0.471875 0.659375 0.49375 0.6546875 0.496875 0.6515625 0.4953125 0.65 0.49375 0.65 0.4734375 0.653125 0.4671875
2 0.5234375 0.340625 0.525 0.3421875 0.5234375 0.36875 0.51875 0.3703125 0.515625 0.3640625 0.515625 0.353125 0.521875 0.3421875
2 0.70625 0.5046875 0.7109375 0.509375 0.7109375 0.5203125 0.70625 0.53125 0.696875 0.534375 0.69375 0.5328125 0.69375 0.51875 0.7015625 0.50625 0.7046875 0.5046875
2 0.6010022734375 0.51341241875 0.603369696875 0.5132057453125001 0.6037075749999999 0.5080333640625 0.605398484375 0.508446709375 0.6087795453125 0.5121714546875 0.61013181875 0.512378128125 0.6108083328125 0.50451621875 0.6052287875 0.4991371640625 0.598973484375 0.5067923999999999 0.5993121218749999 0.5109295640625 0.6010022734375 0.51341241875
2 0.54324318125 0.3993253015625 0.5442393937500001 0.3991223359375 0.5490522734375001 0.3985125109375 0.5497166671875 0.3995282671875 0.5493848484375 0.4025755328125 0.5493848484375 0.4092780359375 0.5508780296875 0.4088711765625 0.5570196968750001 0.395872103125 0.5538954546875 0.3854179796875 0.547392425 0.3905912875 0.544737121875 0.3936385546875 0.54324318125 0.3993253015625
3 0.5234375 0.375 0.5171875 0.365625 0.5171875 0.35 0.528125 0.31875 0.528125 0.3015625 0.5390625 0.2765625 0.5390625 0.2546875 0.5453125 0.24375 0.5515625 0.2390625 0.5609375 0.240625 0.5640625 0.24375 0.56875 0.253125 0.5703125 0.2796875 0.5859375 0.30625 0.5859375 0.315625 0.58125 0.321875 0.575 0.3390625 0.5734375 0.365625 0.56875 0.371875 0.5671875 0.384375 0.5640625 0.3875 0.5640625 0.409375 0.5515625 0.471875 0.553125 0.525 0.55 0.5328125 0.5515625 0.5421875 0.55 0.5484375 0.54375 0.546875 0.5421875 0.54375 0.54375 0.53125 0.5359375 0.5234375 0.5296875 0.525 0.515625 0.5234375 0.515625 0.515625 0.525 0.5046875 0.528125 0.49375 0.528125 0.484375 0.525 0.478125 0.5265625 0.44375 0.528125 0.4421875 0.5265625 0.4375 0.528125 0.4046875 0.525 0.39375 0.5265625 0.3875 0.5234375 0.3828125 0.5234375 0.3796875 0.528125 0.3765625 0.525 0.3734375
3 0.5953125 0.3203125 0.603125 0.328125 0.609375 0.340625 0.6109375 0.3515625 0.60625 0.3703125 0.6140625 0.38125 0.621875 0.4015625 0.6234375 0.471875 0.6125 0.503125 0.6078125 0.5296875 0.5984375 0.5578125 0.596875 0.5796875 0.5875 0.6140625 0.5859375 0.64375 0.5828125 0.6484375 0.578125 0.65 0.575 0.6484375 0.575 0.63125 0.58125 0.6046875 0.584375 0.575 0.5828125 0.56875 0.578125 0.5640625 0.571875 0.5609375 0.56875 0.5640625 0.56875 0.5828125 0.5640625 0.625 0.546875 0.634375 0.540625 0.634375 0.5390625 0.628125 0.553125 0.609375 0.55625 0.5953125 0.55625 0.55 0.5546875 0.5484375 0.55625 0.4921875 0.5546875 0.4859375 0.5578125 0.4828125 0.5640625 0.490625 0.5703125 0.4890625 0.5734375 0.4859375 0.5765625 0.4734375 0.5765625 0.4546875 0.5609375 0.446875 0.5625 0.421875 0.5671875 0.40625 0.5671875 0.3921875 0.571875 0.3734375 0.5765625 0.3640625 0.5765625 0.3453125 0.58125 0.3296875 0.5859375 0.321875 0.59375 0.3203125
3 0.6921875 0.3765625 0.703125 0.3859375 0.709375 0.3984375 0.7171875 0.44375 0.721875 0.4515625 0.7234375 0.459375 0.7234375 0.4859375 0.7140625 0.5046875 0.709375 0.5234375 0.703125 0.53125 0.696875 0.5328125 0.69375 0.53125 0.690625 0.5375 0.684375 0.540625 0.66875 0.540625 0.665625 0.5296875 0.6640625 0.528125 0.6625 0.5296875 0.6609375 0.5421875 0.6625 0.55 0.6578125 0.590625 0.6484375 0.6296875 0.6484375 0.6671875 0.64375 0.671875 0.6375 0.671875 0.6234375 0.6796875 0.6171875 0.678125 0.6140625 0.66875 0.6375 0.646875 0.6390625 0.6421875 0.6421875 0.5953125 0.6453125 0.5828125 0.64375 0.56875 0.6453125 0.5453125 0.65 0.5203125 0.65 0.509375 0.653125 0.5015625 0.65 0.490625 0.6515625 0.4546875 0.6484375 0.4390625 0.6515625 0.3796875 0.6546875 0.3703125 0.6625 0.3640625 0.6671875 0.353125 0.671875 0.35 0.6765625 0.35 0.68125 0.3546875 0.684375 0.365625 0.690625 0.3765625