1 0.4953125 0.440625 0.4984375 0.4484375 0.4984375 0.4609375 0.503125 0.484375 0.4984375 0.49375 0.4859375 0.5046875 0.4734375 0.503125 0.4703125 0.4890625 0.46875 0.4578125 0.4796875 0.446875 0.49375 0.440625
1 0.4828125 0.3703125 0.4859375 0.3703125 0.49375 0.3765625 0.4984375 0.378125 0.5015625 0.3765625 0.5046875 0.3796875 0.509375 0.396875 0.503125 0.4046875 0.4984375 0.4203125 0.4921875 0.425 0.484375 0.4234375 0.4828125 0.409375 0.4875 0.3921875 0.4875 0.384375 0.4828125 0.371875
0 0.26973540625000003 0.269402609375 0.27468915781250003 0.26599161250000003 0.2758779375 0.2594128609375 0.2735003796875 0.25721994375 0.2639105390625 0.26221155625 0.2606216828125 0.2672096921875 0.26101819531250003 0.2752506984375 0.2657733125 0.27159552656249997 0.26973540625000003 0.269402609375
2 0.27052843125 0.2742758625 0.2748870359375 0.2754948734375 0.277858984375 0.2735452 0.279245640625 0.26891519062499997 0.27223199375 0.26805685 0.2693396515625 0.27013420312499997 0.267754359375 0.2723271203125 0.27052843125 0.2742758625
2 0.73046875 0.78203125 0.015625 0.015625
2 0.74375 0.853125 0.7515625 0.8546875 0.7609375 0.86875 0.759375 0.875 0.7453125 0.871875 0.7421875 0.865625 0.74375 0.8546875
2 0.5125 0.3234375 0.515625 0.3234375 0.51875 0.33125 0.51875 0.34375 0.515625 0.3421875 0.5109375 0.334375 0.5125 0.325
3 0.28125 0.2109375 0.2859375 0.2203125 0.2921875 0.2625 0.290625 0.290625 0.2890625 0.3 0.2859375 0.3046875 0.2765625 0.303125 0.271875 0.284375 0.2703125 0.265625 0.2609375 0.2609375 0.259375 0.2578125 0.26875 0.25 0.2703125 0.2453125 0.271875 0.2140625 0.275 0.2109375 0.2796875 0.2109375
3 0.4703125 0.353125 0.4921875 0.375 0.5015625 0.38125 0.5125 0.403125 0.5125 0.4203125 0.509375 0.4265625 0.5 0.4328125 0.496875 0.4375 0.484375 0.4421875 0.48125 0.4421875 0.4796875 0.4375 0.478125 0.403125 0.4703125 0.3890625 0.4625 0.38125 0.459375 0.3703125 0.4625 0.35625 0.46875 0.353125
3 0.515625 0.4203125 0.5140625 0.4171875 0.515625 0.4046875 0.5109375 0.39375 0.5078125 0.28125 0.5140625 0.2546875 0.5234375 0.2421875 0.528125 0.2296875 0.5328125 0.2296875 0.5375 0.2375 0.5375 0.2515625 0.534375 0.2609375 0.5375 0.3046875 0.5328125 0.321875 0.5296875 0.3578125 0.5234375 0.378125 0.5234375 0.390625 0.53125 0.4 0.53125 0.403125 0.521875 0.4078125 0.525 0.421875 0.5171875 0.4203125
3 0.7875 0.7140625 0.790625 0.7171875 0.7921875 0.7265625 0.7890625 0.778125 0.79375 0.7890625 0.79375 0.840625 0.790625 0.853125 0.790625 0.871875 0.7875 0.8890625 0.7796875 0.90625 0.7734375 0.9140625 0.7734375 0.9234375 0.7765625 0.9328125 0.7859375 0.94375 0.7859375 0.953125 0.7734375 0.9765625 0.7703125 0.978125 0.7640625 0.9765625 0.753125 0.9484375 0.7515625 0.934375 0.7484375 0.928125 0.7453125 0.93125 0.7421875 0.946875 0.7328125 0.971875 0.728125 0.978125 0.71875 0.978125 0.715625 0.98125 0.709375 0.98125 0.7078125 0.975 0.7265625 0.9375 0.734375 0.9015625 0.746875 0.8828125 0.7546875 0.8765625 0.7484375 0.8703125 0.74375 0.86875 0.74375 0.8546875 0.75 0.853125 0.753125 0.8484375 0.753125 0.796875 0.7453125 0.79375 0.7375 0.784375 0.73125 0.7859375 0.7296875 0.7796875 0.7375 0.778125 0.74375 0.7703125 0.753125 0.76875 0.765625 0.759375 0.7671875 0.7203125 0.771875 0.7140625 0.7859375 0.7140625
3 0.46875 0.2046875 0.471875 0.2078125 0.4734375 0.21875 0.4796875 0.23125 0.48125 0.290625 0.4734375 0.303125 0.4734375 0.334375 0.4703125 0.3484375 0.4640625 0.353125 0.459375 0.35 0.453125 0.35 0.453125 0.346875 0.459375 0.3390625 0.459375 0.3234375 0.4546875 0.3046875 0.4546875 0.271875 0.4515625 0.265625 0.4546875 0.2484375 0.4453125 0.2390625 0.44375 0.234375 0.446875 0.23125 0.4578125 0.228125 0.4609375 0.20625 0.4671875 0.2046875