0 0.26266235781249997 0.42139722187500006 0.2635787078125 0.46325833281250006 0.269538403125 0.469397221875 0.2915414453125 0.46325833281250006 0.2910828890625 0.439815740625 0.2892494296875 0.42976944375 0.2869574140625 0.42697870312499997 0.2869574140625 0.41190925937499995 0.2741216734375 0.41302500000000003 0.2677041828125 0.4135833328125 0.26266235781249997 0.42139722187500006
0 0.312168821875 0.4973046296875 0.3286714828125 0.487815740625 0.33279695781249996 0.47665370312500005 0.33233840312499996 0.450978703125 0.306668440625 0.4604675921875 0.2988752859375 0.46437407343750003 0.2997923953125 0.498421296875 0.312168821875 0.4973046296875
1 0.2796875 0.5484375 0.3 0.578125 0.3125 0.6140625 0.3109375 0.628125 0.3046875 0.6421875 0.3 0.6421875 0.2859375 0.6296875 0.2796875 0.6078125 0.2796875 0.5828125 0.28125 0.58125 0.278125 0.5609375 0.2796875 0.55
1 0.7125 0.0234375 0.71875 0.025 0.7234375 0.0390625 0.7234375 0.0609375 0.7140625 0.0625 0.7109375 0.059375 0.709375 0.0390625 0.7125 0.025
2 0.16875 0.81484375 0.01875 0.059375
2 0.05 0.90625 0.0546875 0.909375 0.05625 0.9140625 0.0546875 0.940625 0.05 0.9421875 0.04375 0.921875 0.04375 0.909375 0.0484375 0.9078125
2 0.259375 0.484375 0.2625 0.484375 0.2640625 0.4875 0.26875 0.4859375 0.2703125 0.4875 0.2734375 0.5046875 0.265625 0.509375 0.2609375 0.5046875 0.259375 0.4859375
3 0.3125 0.29375 0.3140625 0.3 0.3125 0.340625 0.31875 0.3515625 0.3203125 0.3671875 0.31875 0.3796875 0.3203125 0.3828125 0.3203125 0.4171875 0.3234375 0.4328125 0.33125 0.446875 0.33125 0.4703125 0.328125 0.4796875 0.3296875 0.4828125 0.3296875 0.5328125 0.3328125 0.5390625 0.3328125 0.5484375 0.3390625 0.5796875 0.3390625 0.6078125 0.3421875 0.6234375 0.3421875 0.6359375 0.3390625 0.6390625 0.325 0.6359375 0.3234375 0.6 0.315625 0.565625 0.315625 0.5546875 0.309375 0.5328125 0.30625 0.4984375 0.3015625 0.4921875 0.3 0.4828125 0.2984375 0.4125 0.29375 0.4109375 0.2859375 0.4203125 0.28125 0.415625 0.28125 0.4 0.2875 0.378125 0.2875 0.35625 0.2953125 0.328125 0.29375 0.3234375 0.2953125 0.3109375 0.3 0.3 0.30625 0.29375 0.3109375 0.29375
3 0.690625 0 0.7265625 0 0.7265625 0.0203125 0.7203125 0.0265625 0.7171875 0.0234375 0.7125 0.025 0.709375 0.0390625 0.7140625 0.1203125 0.70625 0.1296875 0.70625 0.134375 0.7 0.140625 0.6953125 0.1421875 0.6890625 0.140625 0.6890625 0.1359375 0.6953125 0.121875 0.6953125 0.10625 0.696875 0.1046875 0.6953125 0.040625 0.6921875 0.025 0.6875 0.01875 0.6875 0.0046875 0.690625 0.0015625
3 0 0.7515625 0.003125 0.753125 0.0078125 0.7625 0.009375 0.7703125 0.01875 0.7890625 0.01875 0.79375 0.0390625 0.8515625 0.0515625 0.9078125 0.05625 0.915625 0.053125 0.95 0.0578125 0.9859375 0.0625 0.99375 0.0609375 0.9953125 0.0453125 0.975 0.0390625 0.9703125 0.034375 0.9734375 0.034375 0.984375 0.0375 0.9921875 0.0359375 0.9984375 0.015625 0.9984375 0.0078125 0.9859375 0 0.9796875 0 0.753125
3 0.1109375 0.6890625 0.1203125 0.6984375 0.1265625 0.709375 0.1328125 0.73125 0.146875 0.7390625 0.1625 0.7546875 0.16875 0.7625 0.18125 0.7890625 0.1875 0.8125 0.1984375 0.834375 0.2046875 0.853125 0.2046875 0.88125 0.203125 0.8828125 0.2046875 0.896875 0.2125 0.9234375 0.2125 0.9359375 0.215625 0.95 0.2328125 0.9984375 0.1828125 0.9984375 0.1765625 0.990625 0.1640625 0.959375 0.1484375 0.940625 0.1390625 0.9203125 0.115625 0.834375 0.1125 0.7875 0.1109375 0.7828125 0.103125 0.775 0.0953125 0.75625 0.09375 0.7046875 0.0953125 0.6984375 0.1015625 0.6921875 0.109375 0.6890625
3 0.2484375 0.4875 0.25625 0.5015625 0.2625 0.5078125 0.2640625 0.50625 0.2625 0.4890625 0.26875 0.490625 0.2703125 0.50625 0.2796875 0.51875 0.278125 0.60625 0.284375 0.6453125 0.2875 0.7140625 0.2953125 0.7515625 0.3015625 0.7546875 0.3078125 0.7484375 0.3125 0.7546875 0.3125 0.765625 0.309375 0.7703125 0.3046875 0.7765625 0.290625 0.7859375 0.2859375 0.784375 0.2859375 0.775 0.28125 0.759375 0.2765625 0.7546875 0.2703125 0.7609375 0.265625 0.753125 0.2640625 0.7421875 0.2578125 0.7265625 0.25 0.659375 0.2453125 0.6421875 0.2375 0.628125 0.2359375 0.6 0.2296875 0.5890625 0.2296875 0.5828125 0.2203125 0.5609375 0.21875 0.55 0.2109375 0.528125 0.2109375 0.51875 0.2078125 0.5078125 0.2109375 0.4875 0.2109375 0.471875 0.2078125 0.4578125 0.209375 0.434375 0.215625 0.41875 0.2203125 0.4140625 0.23125 0.4125 0.2390625 0.425 0.2421875 0.48125 0.246875 0.4875