0 0.36769825625 0.3718166671875 0.3588673234375 0.37673055624999996 0.3556937078125 0.378452778125 0.36451099375 0.3933111109375 0.3713881734375 0.39675648125 0.377736921875 0.3939574078125 0.38338059062499996 0.39288055625 0.37967702812500004 0.3842675921875 0.377736921875 0.37952962968750004 0.3740341171875 0.3754379625 0.36769825625 0.3718166671875
0 0.43222896093749996 0.4378870375 0.430642153125 0.4217361109375 0.4281728578125 0.413553703125 0.42464594375000003 0.412046296875 0.4227065953125 0.4133379625 0.423411675 0.4167833328125 0.4228824875 0.42345925937500006 0.4264094015625 0.4378870375 0.43222896093749996 0.4378870375
2 0.590625 0.703125 0.596875 0.7 0.6 0.7078125 0.5984375 0.7171875 0.5921875 0.7203125 0.590625 0.7046875
2 0.3484375 0.4984375 0.3515625 0.5 0.353125 0.5046875 0.3515625 0.5140625 0.346875 0.515625 0.3421875 0.5078125 0.34375 0.5015625 0.346875 0.5
2 0.325 0.5234375 0.3265625 0.528125 0.3171875 0.546875 0.315625 0.5453125 0.315625 0.528125 0.31875 0.5234375 0.3234375 0.5234375
2 0.4265625 0.4109375 0.434375 0.4140625 0.4328125 0.421875 0.428125 0.4125 0.4234375 0.4140625 0.4234375 0.421875 0.421875 0.421875 0.4203125 0.4171875 0.421875 0.4125 0.425 0.4109375
2 0.1123608796875 0.2019379625 0.11461561718749999 0.20392685156249998 0.1184988625 0.2005611109375 0.11449052343749999 0.1938296296875 0.113363153125 0.1935240734375 0.1109833203125 0.19903148125 0.1123608796875 0.2019379625
2 0.13140106093749998 0.1814379625 0.1335307046875 0.18296851875 0.1367877171875 0.183121296875 0.13628658124999998 0.1774611109375 0.1351592109375 0.17700185156249998 0.1349082640625 0.17455370312500001 0.1307748296875 0.17455370312500001 0.12864518593750002 0.17837870312499998 0.13140106093749998 0.1814379625
3 0.5234375 0.553125 0.53125 0.559375 0.534375 0.559375 0.540625 0.5671875 0.5453125 0.5796875 0.546875 0.5921875 0.5609375 0.6109375 0.5796875 0.65625 0.5953125 0.6796875 0.596875 0.6859375 0.5984375 0.7140625 0.5953125 0.71875 0.5921875 0.7171875 0.590625 0.70625 0.5859375 0.6953125 0.578125 0.6859375 0.5765625 0.6796875 0.575 0.678125 0.571875 0.6796875 0.571875 0.6890625 0.578125 0.7171875 0.575 0.7703125 0.5875 0.8 0.5890625 0.8125 0.59375 0.821875 0.6 0.8453125 0.6125 0.86875 0.6125 0.88125 0.60625 0.8953125 0.603125 0.8953125 0.5953125 0.8859375 0.590625 0.8859375 0.584375 0.878125 0.5765625 0.834375 0.5703125 0.8125 0.565625 0.803125 0.5578125 0.7953125 0.5453125 0.7875 0.540625 0.78125 0.5296875 0.7578125 0.5203125 0.7125 0.51875 0.7109375 0.515625 0.7140625 0.5125 0.7265625 0.5046875 0.740625 0.5015625 0.7390625 0.4984375 0.73125 0.4984375 0.6984375 0.503125 0.68125 0.503125 0.6625 0.5140625 0.6265625 0.509375 0.56875 0.5140625 0.5546875 0.521875 0.553125
3 0.3703125 0.278125 0.378125 0.2921875 0.3796875 0.3109375 0.39375 0.325 0.3984375 0.334375 0.415625 0.384375 0.43125 0.415625 0.4296875 0.4359375 0.425 0.425 0.4171875 0.4171875 0.4140625 0.421875 0.415625 0.4234375 0.4140625 0.434375 0.4015625 0.4375 0.384375 0.4515625 0.38125 0.446875 0.3765625 0.425 0.365625 0.421875 0.359375 0.4125 0.359375 0.3484375 0.3640625 0.3359375 0.3640625 0.3203125 0.359375 0.3109375 0.35625 0.2921875 0.359375 0.28125 0.365625 0.2765625 0.36875 0.278125
3 0.4703125 0.334375 0.478125 0.3375 0.484375 0.34375 0.4875 0.3609375 0.49375 0.3671875 0.4984375 0.3671875 0.5015625 0.3703125 0.5125 0.3984375 0.5203125 0.43125 0.5296875 0.4515625 0.5375 0.484375 0.5375 0.50625 0.540625 0.51875 0.540625 0.5484375 0.5390625 0.55 0.540625 0.565625 0.5390625 0.5671875 0.5390625 0.5640625 0.5265625 0.553125 0.515625 0.5515625 0.50625 0.56875 0.509375 0.5796875 0.509375 0.596875 0.5046875 0.5796875 0.4953125 0.5609375 0.49375 0.546875 0.484375 0.5265625 0.484375 0.51875 0.478125 0.509375 0.475 0.49375 0.475 0.44375 0.4734375 0.4421875 0.4765625 0.4125 0.4703125 0.403125 0.4703125 0.3890625 0.4640625 0.38125 0.459375 0.3671875 0.4625 0.3390625 0.46875 0.3359375
3 0.3484375 0.5046875 0.35 0.5125 0.346875 0.51875 0.3453125 0.540625 0.3390625 0.5609375 0.3328125 0.56875 0.33125 0.575 0.334375 0.5875 0.3328125 0.6 0.3265625 0.5953125 0.3203125 0.584375 0.3 0.5625 0.2859375 0.5421875 0.2828125 0.5328125 0.2828125 0.51875 0.2859375 0.5125 0.2921875 0.5078125 0.296875 0.5078125 0.3015625 0.5125 0.30625 0.5265625 0.3046875 0.5484375 0.309375 0.55 0.3140625 0.546875 0.315625 0.5296875 0.3203125 0.5234375 0.325 0.525 0.325 0.5296875 0.321875 0.534375 0.321875 0.54375 0.325 0.5453125 0.3328125 0.5390625 0.3390625 0.5140625 0.3421875 0.5078125 0.346875 0.5046875
3 0.12421875 0.1765625 0.03515625 0.090625