0 0.533976496875 0.6364388890625 0.5342016671875001 0.6284490734375 0.53126914375 0.62569351875 0.5254033359375 0.62624444375 0.4981068984375 0.660959259375 0.4985579984375 0.6695009265625 0.5107399546875 0.670602778125 0.533976496875 0.6364388890625
0 0.5290128890625 0.696225 0.5317202421875 0.6920925921875 0.533976496875 0.6805212968750001 0.5348786953125 0.6717046296875 0.5274336625 0.6700518515625 0.5292388171875 0.6645416671875 0.5353297953125 0.6637148140625 0.5393904468749999 0.6628879624999999 0.5389393484375 0.6548981484375 0.5411948453125001 0.6493879625 0.540518575 0.6488370375 0.5414207734375001 0.643877778125 0.5375852921875001 0.6405712968749999 0.53329946875 0.6405712968749999 0.5317202421875 0.6504898140625001 0.523373009375 0.6744601859375 0.523373009375 0.6948481484375 0.5290128890625 0.696225
0 0.51525170625 0.7031129625 0.522245640625 0.7055925921874999 0.5240500375 0.69953148125 0.5235989390625 0.6901638890624999 0.5256292640625 0.6683981484375 0.52833661875 0.657653703125 0.5240500375 0.6639898140625 0.5170568609374999 0.6744601859375 0.5161546625 0.6805212968750001 0.515928734375 0.6849296296875 0.51525170625 0.7031129625
0 0.5303669453125 0.654071296875 0.5294639875 0.64580648125 0.512996209375 0.6700518515625 0.5053260046875 0.6719805562500001 0.503295678125 0.6810722218749999 0.5060030328125 0.6849296296875 0.5134473078124999 0.6835518515625 0.5303669453125 0.654071296875
1 0.5984375 0.925 0.6015625 0.9375 0.6015625 0.953125 0.6078125 0.9984375 0.5828125 0.9984375 0.578125 0.9828125 0.578125 0.971875 0.590625 0.95625 0.5984375 0.9265625
1 0.3703125 0.5390625 0.3734375 0.5390625 0.3734375 0.5640625 0.375 0.565625 0.3734375 0.5734375 0.375 0.6296875 0.3734375 0.63125 0.3734375 0.6484375 0.3703125 0.65625 0.375 0.678125 0.375 0.690625 0.3734375 0.6953125 0.365625 0.6984375 0.346875 0.696875 0.340625 0.690625 0.3390625 0.68125 0.3390625 0.6625 0.3421875 0.6578125 0.34375 0.659375 0.3515625 0.6578125 0.3625 0.659375 0.36875 0.653125 0.36875 0.5421875 0.3703125 0.540625
3 0.5296875 0.7546875 0.540625 0.746875 0.546875 0.7484375 0.546875 0.7515625 0.5546875 0.759375 0.5625 0.771875 0.5625 0.7859375 0.5703125 0.8109375 0.58125 0.8140625 0.5890625 0.8265625 0.5953125 0.859375 0.5953125 0.8703125 0.5984375 0.878125 0.596875 0.921875 0.6 0.9375 0.6 0.953125 0.603125 0.9625 0.603125 0.978125 0.60625 0.9875 0.60625 0.9984375 0.5640625 0.9984375 0.5578125 0.990625 0.528125 0.9671875 0.5078125 0.9453125 0.528125 0.8765625 0.5390625 0.8578125 0.5375 0.8296875 0.5265625 0.809375 0.521875 0.7828125 0.5234375 0.771875 0.521875 0.76875 0.5296875 0.75625
3 0.109375 0.44375 0.115625 0.446875 0.128125 0.459375 0.13125 0.4703125 0.1421875 0.4796875 0.153125 0.49375 0.153125 0.496875 0.1640625 0.5140625 0.16875 0.5390625 0.1671875 0.5421875 0.16875 0.55 0.1640625 0.546875 0.1578125 0.546875 0.140625 0.5265625 0.1328125 0.525 0.1265625 0.5328125 0.121875 0.5328125 0.1046875 0.5140625 0.103125 0.5078125 0.10625 0.490625 0.103125 0.4828125 0.103125 0.459375 0.10625 0.4484375 0.109375 0.4453125
3 0.5296875 0.471875 0.5375 0.4796875 0.546875 0.515625 0.5515625 0.521875 0.5546875 0.521875 0.5640625 0.5296875 0.5734375 0.54375 0.584375 0.5890625 0.584375 0.6078125 0.5859375 0.609375 0.584375 0.6109375 0.584375 0.634375 0.5765625 0.6484375 0.578125 0.6734375 0.575 0.690625 0.575 0.7203125 0.571875 0.734375 0.5734375 0.8015625 0.5703125 0.80625 0.565625 0.7875 0.5640625 0.76875 0.5578125 0.759375 0.553125 0.7375 0.546875 0.7296875 0.5421875 0.73125 0.5375 0.7421875 0.5234375 0.7546875 0.51875 0.7671875 0.5140625 0.7515625 0.5125 0.6984375 0.521875 0.703125 0.525 0.6984375 0.528125 0.6984375 0.5328125 0.69375 0.5359375 0.6859375 0.5359375 0.6765625 0.5421875 0.6625 0.5421875 0.646875 0.5375 0.6375 0.534375 0.621875 0.528125 0.6203125 0.5171875 0.63125 0.5140625 0.63125 0.5125 0.628125 0.5046875 0.559375 0.5046875 0.5375 0.5078125 0.528125 0.50625 0.5265625 0.5078125 0.4859375 0.5140625 0.4734375 0.528125 0.471875
3 0.25 0.5375 0.2546875 0.5390625 0.26875 0.5578125 0.278125 0.559375 0.2828125 0.5640625 0.290625 0.5796875 0.2984375 0.615625 0.325 0.69375 0.325 0.7015625 0.315625 0.7125 0.3109375 0.73125 0.3125 0.74375 0.3109375 0.75 0.2765625 0.715625 0.2390625 0.671875 0.2375 0.6671875 0.2375 0.6484375 0.240625 0.6390625 0.2421875 0.6140625 0.23125 0.5953125 0.2296875 0.5859375 0.23125 0.553125 0.240625 0.5390625 0.2484375 0.5375
3 0.3515625 0.4515625 0.3578125 0.45625 0.3671875 0.475 0.3765625 0.5015625 0.3984375 0.5296875 0.403125 0.546875 0.40625 0.55 0.409375 0.56875 0.409375 0.5953125 0.4140625 0.609375 0.4171875 0.63125 0.421875 0.6421875 0.421875 0.6734375 0.41875 0.68125 0.4140625 0.6765625 0.4125 0.678125 0.4125 0.7171875 0.4078125 0.728125 0.409375 0.74375 0.4046875 0.746875 0.4015625 0.7453125 0.3984375 0.7390625 0.3953125 0.740625 0.3984375 0.7484375 0.4 0.7625 0.4078125 0.7828125 0.409375 0.8265625 0.40625 0.83125 0.4015625 0.83125 0.396875 0.8234375 0.3953125 0.80625 0.3859375 0.7859375 0.3859375 0.7796875 0.378125 0.7578125 0.371875 0.7265625 0.3625 0.70625 0.3625 0.7 0.375 0.69375 0.375 0.671875 0.371875 0.6640625 0.3671875 0.6578125 0.3421875 0.65625 0.3390625 0.659375 0.3375 0.66875 0.3390625 0.6703125 0.3390625 0.6859375 0.34375 0.696875 0.34375 0.7078125 0.3421875 0.7140625 0.3390625 0.715625 0.334375 0.7109375 0.3328125 0.703125 0.33125 0.675 0.3265625 0.6578125 0.3265625 0.6390625 0.325 0.6375 0.325 0.6 0.3265625 0.5984375 0.325 0.553125 0.334375 0.5140625 0.334375 0.46875 0.3375 0.459375 0.34375 0.453125 0.35 0.4515625
2 0.5390625 0.6609375 0.5484375 0.6640625 0.55 0.6671875 0.5484375 0.6765625 0.5359375 0.6859375 0.534375 0.6703125 0.5390625 0.6625
2 0.3375 0.690625 0.3421875 0.69375 0.3453125 0.7015625 0.3453125 0.7109375 0.340625 0.7203125 0.3359375 0.7171875 0.33125 0.7015625 0.33125 0.6953125 0.3359375 0.690625
2 0.421875 0.64375 0.4234375 0.671875 0.4203125 0.6859375 0.4140625 0.6859375 0.4109375 0.675 0.4125 0.646875 0.4203125 0.64375
1 0.5392615625 0.8475759265624999 0.5387475359375 0.8343916671875 0.52538135 0.821834259375 0.521268384375 0.781652778125 0.5156141015625 0.7785138890625001 0.48219939375000004 0.7929546296875001 0.4811713421875 0.8726888890625 0.5109871109374999 0.9323333328125001 0.523839271875 0.8858740734375001 0.5392615625 0.8475759265624999