0 0.4537786203125 0.509523765625 0.45012812812499997 0.5090251625 0.4482221375 0.517232059375 0.4574283546875 0.5324669156249999 0.46351175156249996 0.5329655171875001 0.46574222968749995 0.524736253125 0.4537786203125 0.509523765625
0 0.4448559515625 0.5292246046875 0.4450591359375 0.5372050328125 0.4505337375 0.5449356937500001 0.45540030312499996 0.5406961796875 0.4564147078125 0.5364566640625 0.4521561796875 0.5359580609375 0.45316982499999997 0.5307213421875 0.45418423125 0.5302218078125 0.44554510937499997 0.52112115625 0.4448559515625 0.5292246046875
0 0.44931690625 0.5551602984375 0.45316982499999997 0.5476784718750001 0.4470053078125 0.5453494875 0.4420174375 0.5509207828125 0.441814253125 0.554661696875 0.444450340625 0.55640726875 0.44931690625 0.5551602984375
1 0.2890625 0.896875 0.3 0.903125 0.3078125 0.91875 0.30625 0.9203125 0.3078125 0.965625 0.3046875 0.9765625 0.2984375 0.9859375 0.296875 0.9875 0.290625 0.98125 0.2890625 0.9703125 0.2828125 0.9671875 0.2828125 0.9640625 0.2765625 0.9578125 0.271875 0.9484375 0.26875 0.9234375 0.2703125 0.9171875 0.2671875 0.90625 0.2703125 0.9046875 0.2765625 0.9125 0.28125 0.9125 0.284375 0.909375 0.284375 0.9015625 0.2875 0.8984375
1 0.4734375 0.5390625 0.475 0.55 0.478125 0.553125 0.4828125 0.553125 0.4859375 0.565625 0.4859375 0.6 0.4796875 0.6015625 0.4734375 0.5984375 0.46875 0.5890625 0.4671875 0.58125 0.4625 0.575 0.4625 0.5640625 0.459375 0.55625 0.459375 0.5515625 0.471875 0.5390625
2 0.21328125 0.99140625 0.01015625 0.01796875
2 0.4546875 0.5328125 0.4671875 0.534375 0.4671875 0.540625 0.4515625 0.55625 0.45 0.5546875 0.4546875 0.5484375 0.4515625 0.5453125 0.4578125 0.5390625 0.4578125 0.5359375 0.4546875 0.534375
2 0.41875 0.540625 0.01171875 0.015625
3 0.4875 0.0953125 0.4953125 0.096875 0.5015625 0.1125 0.5 0.184375 0.4984375 0.1859375 0.490625 0.184375 0.49375 0.1765625 0.49375 0.16875 0.4890625 0.1328125 0.4859375 0.1265625 0.4859375 0.0984375 0.4875 0.096875
3 0.4484375 0.425 0.4546875 0.4265625 0.4609375 0.45 0.4609375 0.4578125 0.48125 0.4828125 0.4859375 0.496875 0.4890625 0.5140625 0.4890625 0.5265625 0.484375 0.5390625 0.4859375 0.5453125 0.4859375 0.6078125 0.4921875 0.665625 0.4921875 0.684375 0.48125 0.69375 0.4734375 0.69375 0.475 0.6703125 0.4703125 0.6546875 0.4671875 0.6765625 0.45625 0.6890625 0.45 0.6859375 0.45 0.68125 0.4546875 0.675 0.45625 0.6671875 0.4578125 0.64375 0.45625 0.6359375 0.4515625 0.628125 0.4515625 0.6125 0.45 0.6109375 0.4484375 0.5578125 0.4453125 0.553125 0.4453125 0.5484375 0.4484375 0.54375 0.4484375 0.534375 0.446875 0.5265625 0.44375 0.525 0.428125 0.5375 0.4234375 0.5359375 0.425 0.5265625 0.4359375 0.5140625 0.44375 0.4984375 0.446875 0.4859375 0.446875 0.4765625 0.4375 0.4609375 0.4375 0.45 0.4484375 0.4265625
3 0.2296875 0.796875 0.2375 0.80625 0.2390625 0.8140625 0.2453125 0.81875 0.25 0.81875 0.28125 0.8546875 0.2875 0.8671875 0.3 0.9046875 0.30625 0.915625 0.30625 0.94375 0.3078125 0.9453125 0.30625 0.96875 0.3015625 0.98125 0.29375 0.9921875 0.29375 0.9984375 0.240625 0.9984375 0.2375 0.9953125 0.2203125 0.9984375 0.2109375 0.99375 0.2109375 0.9875 0.2171875 0.975 0.2203125 0.9703125 0.2265625 0.9671875 0.2296875 0.959375 0.2296875 0.940625 0.2265625 0.9265625 0.2265625 0.903125 0.2296875 0.896875 0.2265625 0.8734375 0.2296875 0.8671875 0.2296875 0.859375 0.21875 0.8515625 0.2109375 0.8375 0.209375 0.80625 0.2140625 0.8 0.2203125 0.796875 0.228125 0.796875