0 0.523738965625 0.3648898140625 0.5234490109375 0.3693018515625 0.521098934375 0.3790870375 0.5172640796875 0.3923351859375 0.5191194828125 0.395647221875 0.523696346875 0.397453703125 0.5300053265625 0.3727648140625 0.5300053265625 0.367947221875 0.5276552515625 0.3646351859375 0.523738965625 0.3648898140625
0 0.5470753421875 0.409927778125 0.551034246875 0.4228740734375 0.5626613390624999 0.40164722187499996 0.5548965 0.3905629625 0.55412633125 0.3888518515625 0.5512815828125001 0.3989379625 0.5470753421875 0.409927778125
0 0.47148021250000005 0.36769814843750004 0.46976407968749995 0.3709583328125 0.47149543437499997 0.3751731484375 0.4723614921875 0.37878611093750003 0.4748356171875 0.378334259375 0.4766910203125 0.3786351859375 0.477309740625 0.37411944375 0.477309740625 0.3690009265625 0.47582496250000006 0.3653879625 0.47273287656249996 0.36553796250000004 0.47148021250000005 0.36769814843750004
0 0.4991757984375 0.345434259375 0.4877001515625 0.3577101859375 0.49413242031250004 0.361775 0.49945129374999997 0.3620759265625 0.50662633125 0.3577101859375 0.4991757984375 0.345434259375
0 0.48078767187500004 0.3562481484375 0.478589040625 0.3575870375 0.4810076109375 0.36106666718749997 0.4823272453125 0.3612 0.4818873671875 0.366553703125 0.4866164390625 0.36695555625 0.4869459671875 0.36186944374999996 0.486836378125 0.3578546296875 0.48538660624999996 0.3561240734375 0.48078767187500004 0.3562481484375
2 0.11875 0.9421875 0.121875 0.94375 0.125 0.953125 0.125 0.9609375 0.121875 0.965625 0.11875 0.965625 0.1125 0.959375 0.1125 0.94375 0.1171875 0.9421875
2 0.4884094375 0.36060648125 0.486511415625 0.36620092656250003 0.4822458140625 0.36778148125 0.4820608828125 0.370602778125 0.48400761093750005 0.374665740625 0.4898500765625 0.3759074078125 0.4917975640625 0.37365 0.49559969531250003 0.37161851874999996 0.4958774734375 0.3623638890625 0.491611871875 0.3618 0.4884094375 0.36060648125
2 0.47111796093749997 0.3761324078125 0.4695007609375 0.37654444374999996 0.4676872140625 0.380421296875 0.46898554062500003 0.3850481484375 0.47158143125 0.388434259375 0.4761255703125 0.390578703125 0.4796491625 0.3867416671875 0.4777945203125 0.38155 0.47584779375 0.380421296875 0.47631126406249996 0.3781638890625 0.472137746875 0.37861574062500003 0.47111796093749997 0.3761324078125
2 0.522907153125 0.37385092656249996 0.5230060875 0.3671074078125 0.520073059375 0.3664731484375 0.5179604265625 0.37601851875 0.51904870625 0.3797509265625 0.5220167421874999 0.37963055625000003 0.522907153125 0.37385092656249996
3 0.046875 0.8875 0.0578125 0.8984375 0.0640625 0.915625 0.0921875 0.9421875 0.1046875 0.9421875 0.1109375 0.94375 0.1125 0.946875 0.11875 0.9453125 0.1234375 0.95 0.121875 0.9625 0.1125 0.959375 0.103125 0.965625 0.0984375 0.965625 0.09375 0.9703125 0.096875 0.9796875 0.0984375 0.9984375 0.05 0.9984375 0.0484375 0.996875 0.0453125 0.9859375 0.046875 0.9515625 0.034375 0.915625 0.0359375 0.8984375 0.040625 0.8890625 0.0453125 0.8875
3 0.484375 0.2921875 0.4890625 0.29375 0.490625 0.296875 0.4921875 0.303125 0.490625 0.3203125 0.5 0.3328125 0.503125 0.346875 0.503125 0.3671875 0.4984375 0.378125 0.496875 0.4078125 0.4859375 0.41875 0.4859375 0.4375 0.4875 0.4390625 0.4859375 0.475 0.490625 0.49375 0.4890625 0.5015625 0.4796875 0.4953125 0.4765625 0.48125 0.478125 0.478125 0.475 0.475 0.4703125 0.478125 0.4671875 0.4953125 0.4640625 0.4953125 0.4625 0.4921875 0.4671875 0.428125 0.4625 0.4 0.4625 0.3796875 0.4578125 0.371875 0.459375 0.3390625 0.4671875 0.325 0.4765625 0.3171875 0.4765625 0.2984375 0.4828125 0.2921875
3 0.509375 0.35 0.5171875 0.35625 0.5234375 0.346875 0.528125 0.321875 0.5265625 0.31875 0.528125 0.29375 0.53125 0.2875 0.5359375 0.2875 0.5390625 0.290625 0.540625 0.3109375 0.55 0.3234375 0.5515625 0.3296875 0.5546875 0.346875 0.5546875 0.36875 0.5578125 0.375 0.559375 0.403125 0.5578125 0.409375 0.546875 0.41875 0.54375 0.4296875 0.5375 0.478125 0.540625 0.490625 0.540625 0.5015625 0.5359375 0.5015625 0.5328125 0.496875 0.5296875 0.453125 0.525 0.4484375 0.51875 0.453125 0.51875 0.4640625 0.515625 0.4765625 0.5125 0.4765625 0.509375 0.471875 0.5125 0.45625 0.5125 0.41875 0.5078125 0.4109375 0.5046875 0.390625 0.50625 0.3890625 0.5078125 0.3515625
3 0.228125 0.553125 0.228125 0.5828125 0.23125 0.5890625 0.23125 0.596875 0.2359375 0.6125 0.234375 0.6546875 0.2375 0.678125 0.24375 0.684375 0.24375 0.7015625 0.2453125 0.703125 0.24375 0.7171875 0.240625 0.71875 0.2375 0.715625 0.2375 0.6859375 0.234375 0.68125 0.225 0.6765625 0.2234375 0.6640625 0.215625 0.65625 0.2109375 0.6421875 0.2109375 0.6203125 0.21875 0.603125 0.2265625 0.5546875
3 0.0046875 0.8171875 0.0078125 0.821875 0.0109375 0.8359375 0.0140625 0.8375 0.0140625 0.8421875 0.0171875 0.8453125 0.0171875 0.85625 0.0203125 0.859375 0.01875 0.890625 0.0265625 0.9109375 0.028125 0.9265625 0.040625 0.95625 0.04375 0.984375 0.040625 0.984375 0.034375 0.9765625 0.028125 0.9546875 0.01875 0.940625 0.015625 0.94375 0.015625 0.953125 0.028125 0.9921875 0.028125 0.9984375 0.0171875 0.9984375 0.0140625 0.9953125 0.00625 0.9734375 0.003125 0.9546875 0 0.953125 0 0.921875 0.003125 0.9203125 0.0046875 0.915625 0 0.9109375 0 0.821875 0.003125 0.81875