1 0.2015625 0.5609375 0.2125 0.5703125 0.2109375 0.5953125 0.20625 0.5953125 0.2015625 0.5859375 0.2015625 0.5625
1 0.96640625 0.96484375 0.028125 0.0609375
1 0.03125 0.746875 0.0453125 0.771875 0.0453125 0.7875 0.0390625 0.79375 0.0296875 0.790625 0.01875 0.7625 0.01875 0.7546875 0.025 0.7484375 0.0296875 0.746875
1 0.4625 0.5796875 0.4671875 0.584375 0.475 0.5859375 0.475 0.5890625 0.4828125 0.6 0.48125 0.6046875 0.471875 0.609375 0.465625 0.609375 0.459375 0.603125 0.45625 0.5953125 0.4546875 0.58125 0.4578125 0.578125 0.4609375 0.5796875
1 0.36875 0.828125 0.3734375 0.8296875 0.375 0.8328125 0.375 0.8421875 0.3828125 0.8703125 0.3828125 0.9109375 0.3796875 0.9203125 0.378125 0.9375 0.375 0.94375 0.3515625 0.940625 0.3484375 0.9359375 0.3484375 0.9140625 0.35625 0.890625 0.35625 0.878125 0.359375 0.86875 0.365625 0.8609375 0.365625 0.8421875 0.3625 0.834375 0.3640625 0.8296875 0.3671875 0.828125
2 0.525 0.9140625 0.53125 0.9140625 0.5359375 0.91875 0.5359375 0.9265625 0.525 0.9328125 0.5234375 0.93125 0.525 0.915625
2 0.55 0.5 0.5546875 0.5015625 0.5578125 0.5109375 0.5578125 0.51875 0.5546875 0.5234375 0.5515625 0.5234375 0.546875 0.5125 0.55 0.5015625
2 0.57109375 0.72734375 0.01171875 0.03046875
2 0.4703125 0.5640625 0.478125 0.575 0.478125 0.5796875 0.475 0.584375 0.4640625 0.5828125 0.4609375 0.5765625 0.4609375 0.5703125 0.4640625 0.5640625 0.465625 0.5625 0.46875 0.5640625
2 0.509375 0.5046875 0.5171875 0.5203125 0.515625 0.53125 0.509375 0.5328125 0.5046875 0.5234375 0.503125 0.515625 0.5078125 0.50625
2 0.615625 0.7203125 0.6203125 0.71875 0.6265625 0.7265625 0.6234375 0.74375 0.6203125 0.7484375 0.6171875 0.7484375 0.6125 0.7390625 0.6125 0.728125 0.615625 0.721875
2 0.2234375 0.5703125 0.2265625 0.575 0.225 0.58125 0.2171875 0.5796875 0.2140625 0.575 0.2140625 0.571875 0.221875 0.5703125
2 0.4546875 0.5640625 0.459375 0.5671875 0.459375 0.5734375 0.4546875 0.5796875 0.446875 0.578125 0.446875 0.5703125 0.453125 0.5640625
2 0.4421875 0.9078125 0.446875 0.9171875 0.45 0.9390625 0.4484375 0.94375 0.4453125 0.9453125 0.4390625 0.940625 0.4390625 0.909375 0.440625 0.909375
0 0.45416426875000004 0.214820203125 0.44987055312499996 0.2148127890625 0.44919530625000004 0.2181065796875 0.45068584375 0.21859406875 0.45376684375 0.21932437500000002 0.45416426875000004 0.214820203125
2 0.45297199062500004 0.22488785937500003 0.45346858437500004 0.22297590312499999 0.453568509375 0.22054124218750001 0.4545616953125 0.2188368859375 0.45187887968749996 0.21835032499999998 0.44969190000000003 0.2178637625 0.448996215625 0.21932437500000002 0.44869795625000003 0.22370620937500002 0.4502884171875 0.22431510625 0.45297199062500004 0.22488785937500003
3 0.4703125 0.178125 0.475 0.184375 0.475 0.2 0.4828125 0.2078125 0.4875 0.2203125 0.4890625 0.2421875 0.4828125 0.25625 0.4796875 0.271875 0.4796875 0.3421875 0.4765625 0.3484375 0.471875 0.3453125 0.471875 0.31875 0.4703125 0.3171875 0.46875 0.31875 0.46875 0.35 0.4578125 0.3484375 0.4609375 0.3078125 0.4578125 0.290625 0.45625 0.2484375 0.4515625 0.2375 0.4515625 0.221875 0.453125 0.2171875 0.4640625 0.20625 0.4640625 0.18125 0.46875 0.178125
3 0.2859375 0.1765625 0.2921875 0.1765625 0.2953125 0.18125 0.296875 0.2265625 0.3015625 0.2328125 0.3 0.240625 0.29375 0.2484375 0.29375 0.2515625 0.2828125 0.253125 0.2796875 0.2453125 0.275 0.2140625 0.278125 0.196875 0.2859375 0.178125
3 0.528125 0.3671875 0.534375 0.3765625 0.5328125 0.4046875 0.54375 0.4171875 0.55 0.4359375 0.55 0.4453125 0.546875 0.453125 0.5515625 0.4703125 0.55625 0.51875 0.553125 0.521875 0.5484375 0.515625 0.5484375 0.5 0.5421875 0.4828125 0.5421875 0.475 0.5390625 0.4703125 0.5359375 0.48125 0.5359375 0.5046875 0.5171875 0.5140625 0.5171875 0.51875 0.521875 0.5234375 0.53125 0.5171875 0.5359375 0.51875 0.534375 0.540625 0.51875 0.5578125 0.5078125 0.53125 0.5046875 0.5296875 0.5015625 0.534375 0.503125 0.54375 0.50625 0.546875 0.50625 0.5671875 0.5078125 0.56875 0.503125 0.6015625 0.5078125 0.634375 0.50625 0.646875 0.5015625 0.646875 0.496875 0.6375 0.496875 0.6140625 0.5 0.6046875 0.5 0.571875 0.5015625 0.5703125 0.5 0.5640625 0.5015625 0.5171875 0.49375 0.5046875 0.4953125 0.503125 0.4953125 0.484375 0.49375 0.4828125 0.4953125 0.440625 0.5 0.421875 0.5125 0.409375 0.515625 0.403125 0.5171875 0.3953125 0.515625 0.375 0.521875 0.3671875 0.5265625 0.3671875
3 0.209375 0.4453125 0.2140625 0.44375 0.21875 0.446875 0.221875 0.4859375 0.21875 0.490625 0.2171875 0.503125 0.2203125 0.5203125 0.21875 0.521875 0.225 0.5390625 0.225 0.559375 0.234375 0.6109375 0.234375 0.6265625 0.23125 0.6359375 0.23125 0.665625 0.2375 0.675 0.2375 0.6828125 0.234375 0.684375 0.228125 0.6828125 0.225 0.678125 0.2203125 0.6625 0.2203125 0.6328125 0.215625 0.60625 0.203125 0.5875 0.2046875 0.565625 0.2 0.5546875 0.196875 0.5328125 0.1953125 0.4890625 0.2015625 0.478125 0.2046875 0.45625 0.209375 0.446875
3 0.465625 0.471875 0.471875 0.48125 0.478125 0.5046875 0.4796875 0.5203125 0.4875 0.528125 0.4921875 0.5484375 0.49375 0.5765625 0.490625 0.58125 0.4890625 0.5953125 0.484375 0.6015625 0.4859375 0.6265625 0.4828125 0.63125 0.4734375 0.628125 0.4625 0.628125 0.45625 0.625 0.45 0.628125 0.446875 0.6265625 0.44375 0.6234375 0.4453125 0.6015625 0.4390625 0.5953125 0.4390625 0.5734375 0.4375 0.571875 0.4390625 0.540625 0.446875 0.51875 0.4484375 0.490625 0.453125 0.4765625 0.459375 0.471875 0.4640625 0.471875
3 0.0046875 0.7421875 0.009375 0.75625 0.0125 0.7578125 0.01875 0.76875 0.01875 0.7765625 0.021875 0.7796875 0.021875 0.7828125 0.0140625 0.7890625 0.0140625 0.796875 0.0359375 0.896875 0.0421875 0.9140625 0.05625 0.921875 0.05625 0.9359375 0.05 0.9484375 0.046875 0.95 0.0375 0.940625 0.028125 0.9140625 0.01875 0.9125 0.0140625 0.903125 0.0140625 0.8953125 0.00625 0.88125 0.003125 0.8578125 0 0.8546875 0 0.784375 0.003125 0.778125 0.003125 0.7703125 0 0.76875 0.0015625 0.7625 0 0.75 0.003125 0.74375
3 0.478125 0.775 0.484375 0.7796875 0.490625 0.8 0.509375 0.815625 0.515625 0.8296875 0.521875 0.8359375 0.5265625 0.8453125 0.5296875 0.878125 0.5296875 0.915625 0.534375 0.9203125 0.534375 0.925 0.525 0.928125 0.525 0.9046875 0.5203125 0.871875 0.5171875 0.865625 0.5171875 0.859375 0.5140625 0.8578125 0.5109375 0.8609375 0.5125 0.8640625 0.5109375 0.86875 0.5125 0.9125 0.5078125 0.93125 0.5015625 0.94375 0.5015625 0.95 0.509375 0.9640625 0.5109375 0.9734375 0.5171875 0.9875 0.515625 0.9984375 0.4953125 0.9984375 0.4953125 0.9953125 0.5 0.990625 0.5 0.9796875 0.4859375 0.965625 0.4796875 0.940625 0.4734375 0.9296875 0.4703125 0.9328125 0.46875 0.94375 0.4703125 0.9953125 0.46875 0.9984375 0.4578125 0.9984375 0.4515625 0.94375 0.4421875 0.9421875 0.4390625 0.9359375 0.4390625 0.8828125 0.440625 0.88125 0.44375 0.83125 0.45 0.8140625 0.4515625 0.8015625 0.459375 0.7953125 0.4625 0.784375 0.46875 0.778125 0.4765625 0.775
3 0.3109375 0.1765625 0.315625 0.178125 0.321875 0.215625 0.31875 0.2359375 0.315625 0.2375 0.309375 0.234375 0.3078125 0.2171875 0.3046875 0.209375 0.3046875 0.19375 0.3109375 0.178125
3 0.5015625 0.23125 0.50625 0.209375 0.5125 0.196875 0.5125 0.184375 0.51875 0.1828125 0.521875 0.1875 0.521875 0.1984375 0.525 0.20625 0.525 0.234375 0.5109375 0.23125 0.5046875 0.2359375 0.503125 0.2328125
3 0.9953125 0.909375 0.9984375 0.9171875 0.9984375 0.9578125 0.990625 0.965625 0.99375 0.9890625 0.996875 0.99375 0.99375 0.9984375 0.953125 0.9984375 0.9578125 0.9640625 0.965625 0.9390625 0.971875 0.9296875 0.975 0.93125 0.978125 0.9296875 0.984375 0.9140625 0.99375 0.909375
3 0.621875 0.58125 0.6328125 0.5921875 0.6390625 0.6125 0.6359375 0.6765625 0.63125 0.703125 0.628125 0.709375 0.628125 0.721875 0.621875 0.746875 0.61875 0.7796875 0.6078125 0.803125 0.609375 0.84375 0.6078125 0.846875 0.603125 0.846875 0.6 0.840625 0.5953125 0.8375 0.5828125 0.8625 0.575 0.8609375 0.575 0.8515625 0.5859375 0.825 0.5859375 0.815625 0.58125 0.79375 0.58125 0.78125 0.5765625 0.76875 0.575 0.7453125 0.5671875 0.7390625 0.565625 0.7296875 0.56875 0.696875 0.5671875 0.69375 0.56875 0.675 0.5671875 0.6734375 0.5703125 0.6484375 0.56875 0.615625 0.575 0.5890625 0.590625 0.5703125 0.5890625 0.55 0.5859375 0.5421875 0.596875 0.521875 0.6046875 0.521875 0.615625 0.5359375 0.6140625 0.5734375 0.6203125 0.58125