0 0.5229303984375 0.7236354171875 0.5291178984375 0.725609375 0.5291178984375 0.7019357640624999 0.51728125 0.6999635421875 0.50813494375 0.70259375 0.5070596593750001 0.7311979171874999 0.51432244375 0.7173888890625 0.52024005625 0.71508680625 0.5229303984375 0.7236354171875
0 0.50813494375 0.7364583328125 0.513784090625 0.733171875 0.5240071015625001 0.7400763890625 0.5318082390625001 0.7269236109375 0.519703125 0.7154166671875 0.5116164765625 0.7192760421875 0.5011420453125 0.7466510421875 0.5049076703125001 0.7496111109375 0.5086732953124999 0.7450086812500001 0.50813494375 0.7364583328125
0 0.118356534375 0.8872118062500001 0.11905113593750001 0.8900416671875 0.1197457390625 0.899949653125 0.1276207390625 0.9078767359375 0.12947301093750002 0.8891927078125 0.1107116484375 0.8727274312500001 0.1090923296875 0.8886267359375 0.114419034375 0.8942881937499999 0.118356534375 0.8872118062500001
2 0.0734375 0.984375 0.0796875 0.9875 0.078125 0.9984375 0.071875 0.9984375 0.0703125 0.9875 0.0734375 0.9859375
2 0.48671875 0.803125 0.0125 0.01875
2 0.984375 0.5734375 0.9828125 0.559375 0.9859375 0.553125 0.9890625 0.5546875 0.990625 0.5609375 0.990625 0.5734375 0.9859375 0.5734375
2 0.50625 0.7546875 0.509375 0.746875 0.5140625 0.7421875 0.51875 0.7421875 0.521875 0.746875 0.5203125 0.759375 0.515625 0.7609375 0.5078125 0.75625
2 0.128125 0.8875 0.13125 0.8875 0.1359375 0.8953125 0.134375 0.903125 0.128125 0.909375 0.121875 0.9109375 0.1203125 0.903125 0.1234375 0.90625 0.125 0.9046875 0.128125 0.8890625
0 0.067487215625 0.9207760421875 0.0627514203125 0.9219826390625 0.0645269890625 0.9723975687499999 0.0672897734375 0.9711493062500001 0.067684659375 0.9391093749999999 0.067487215625 0.9207760421875
0 0.0726178984375 0.970425346875 0.072815340625 0.9315885421875001 0.070140625 0.931918403125 0.0680795453125 0.97331944375 0.07182954531249999 0.9851388890624999 0.0736051140625 0.9822447921874999 0.0726178984375 0.970425346875
1 0.5125 0.7796875 0.521875 0.7734375 0.5265625 0.7734375 0.5296875 0.778125 0.5296875 0.80625 0.51875 0.815625 0.5078125 0.8140625 0.5046875 0.80625 0.5046875 0.790625 0.5125 0.78125
3 0.5078125 0.6078125 0.5140625 0.6140625 0.521875 0.63125 0.521875 0.6453125 0.51875 0.65 0.51875 0.65625 0.528125 0.6625 0.534375 0.6703125 0.5390625 0.6890625 0.5390625 0.7078125 0.540625 0.709375 0.5390625 0.7375 0.5328125 0.759375 0.540625 0.8484375 0.534375 0.8609375 0.53125 0.8609375 0.528125 0.85625 0.525 0.8578125 0.521875 0.86875 0.521875 0.8859375 0.5171875 0.8984375 0.5171875 0.9046875 0.5234375 0.934375 0.521875 0.9390625 0.515625 0.940625 0.50625 0.9234375 0.50625 0.915625 0.509375 0.9078125 0.50625 0.878125 0.496875 0.875 0.49375 0.8640625 0.49375 0.8421875 0.490625 0.8375 0.4890625 0.840625 0.484375 0.8375 0.484375 0.825 0.475 0.8 0.475 0.775 0.46875 0.7359375 0.46875 0.7140625 0.475 0.684375 0.484375 0.671875 0.484375 0.66875 0.4921875 0.6640625 0.4953125 0.659375 0.4953125 0.653125 0.490625 0.6453125 0.490625 0.63125 0.49375 0.621875 0.5015625 0.6125 0.5078125 0.609375
3 0.078125 0.7828125 0.090625 0.784375 0.096875 0.79375 0.0984375 0.803125 0.103125 0.8078125 0.1078125 0.8078125 0.121875 0.8265625 0.125 0.8453125 0.134375 0.8703125 0.1296875 0.878125 0.1375 0.8890625 0.1390625 0.91875 0.146875 0.934375 0.1546875 0.9640625 0.1546875 0.978125 0.146875 0.984375 0.1484375 0.9984375 0.1390625 0.9984375 0.1296875 0.9875 0.121875 0.96875 0.1125 0.9578125 0.1046875 0.9375 0.0984375 0.93125 0.09375 0.9296875 0.084375 0.9171875 0.08125 0.9 0.08125 0.853125 0.078125 0.8453125 0.078125 0.83125 0.075 0.828125 0.0703125 0.8125 0.071875 0.79375 0.078125 0.784375
3 0.03125 0.86875 0.0375 0.8796875 0.0453125 0.909375 0.0484375 0.9125 0.059375 0.9140625 0.0765625 0.934375 0.0765625 0.94375 0.08125 0.9515625 0.0859375 0.9828125 0.090625 0.9953125 0.0890625 0.9984375 0.0359375 0.9984375 0.03125 0.975 0.03125 0.946875 0.0328125 0.9453125 0.03125 0.9328125 0.0234375 0.9140625 0.0234375 0.8796875 0.0265625 0.875 0.0265625 0.8703125 0.0296875 0.86875
3 0.95625 0.8546875 0.953125 0.8375 0.9484375 0.828125 0.9484375 0.815625 0.9453125 0.803125 0.953125 0.78125 0.95625 0.7609375 0.9609375 0.753125 0.965625 0.734375 0.9640625 0.709375 0.9734375 0.6859375 0.984375 0.671875 0.984375 0.6625 0.9890625 0.653125 0.9828125 0.615625 0.984375 0.6 0.9828125 0.5765625 0.9859375 0.55625 0.9890625 0.5578125 0.990625 0.5640625 0.990625 0.5875 0.996875 0.6203125 0.9984375 0.7625 0.9828125 0.79375 0.9828125 0.8015625 0.971875 0.828125 0.9671875 0.834375 0.9671875 0.846875 0.9609375 0.8546875 0.9578125 0.8546875