0 0.6123238640625 0.521137153125 0.617487215625 0.5221892359375 0.6211448859375001 0.5153506937500001 0.622434659375 0.507987846875 0.616674715625 0.5025625 0.6090980109374999 0.5140364578125001 0.6073764203125 0.517980903125 0.6123238640625 0.521137153125
1 0.4609375 0.1234375 0.4640625 0.121875 0.4671875 0.1234375 0.4703125 0.1390625 0.46875 0.153125 0.459375 0.1515625 0.4578125 0.1375 0.4609375 0.125
1 0.203125 0.903125 0.2140625 0.9140625 0.23125 0.91875 0.2421875 0.934375 0.2484375 0.946875 0.2484375 0.9546875 0.2515625 0.959375 0.25 0.9859375 0.2453125 0.9890625 0.2140625 0.9875 0.209375 0.9859375 0.20625 0.98125 0.1875 0.9203125 0.1875 0.9140625 0.196875 0.915625 0.2 0.9125 0.2015625 0.9046875
1 0.5140625 0.2625 0.51875 0.2703125 0.521875 0.2828125 0.5234375 0.2921875 0.521875 0.3046875 0.51875 0.3078125 0.5125 0.3046875 0.5125 0.2890625 0.5109375 0.2875 0.5125 0.2640625
2 0.1421875 0.596875 0.14375 0.603125 0.140625 0.6078125 0.1390625 0.61875 0.134375 0.615625 0.134375 0.603125 0.140625 0.596875
2 0.615625 0.4921875 0.61875 0.4921875 0.6234375 0.5 0.621875 0.50625 0.6171875 0.50625 0.6140625 0.503125 0.615625 0.49375
2 0.1890625 0.8875 0.2015625 0.8875 0.2015625 0.903125 0.196875 0.9125 0.1921875 0.909375 0.1890625 0.9 0.1890625 0.8890625
2 0.05625 0.8109375 0.059375 0.809375 0.0625 0.8109375 0.065625 0.8234375 0.0640625 0.8328125 0.0609375 0.8359375 0.0546875 0.834375 0.053125 0.8171875 0.05625 0.8125
3 0.1359375 0.478125 0.14375 0.4921875 0.1453125 0.503125 0.1515625 0.509375 0.1546875 0.5171875 0.15625 0.5375 0.1625 0.565625 0.165625 0.5703125 0.1703125 0.5984375 0.1703125 0.615625 0.1734375 0.621875 0.1734375 0.6453125 0.1703125 0.653125 0.175 0.671875 0.171875 0.675 0.1671875 0.6734375 0.1625 0.6453125 0.159375 0.6375 0.1546875 0.6328125 0.153125 0.6078125 0.1484375 0.603125 0.14375 0.603125 0.1375 0.6171875 0.1359375 0.603125 0.13125 0.59375 0.13125 0.5796875 0.125 0.5546875 0.125 0.540625 0.1203125 0.525 0.1203125 0.5140625 0.125 0.5078125 0.1265625 0.484375 0.1296875 0.4796875 0.134375 0.478125
3 0.484375 0.06875 0.490625 0.0859375 0.4859375 0.14375 0.484375 0.1453125 0.48125 0.140625 0.4796875 0.0828125 0.484375 0.0703125
3 0.5140625 0.24375 0.509375 0.34375 0.5046875 0.3609375 0.5015625 0.3515625 0.4984375 0.353125 0.4984375 0.35625 0.49375 0.3546875 0.4890625 0.3234375 0.4890625 0.3046875 0.4859375 0.2953125 0.48125 0.29375 0.48125 0.2796875 0.484375 0.265625 0.484375 0.2328125 0.490625 0.21875 0.4921875 0.209375 0.49375 0.2078125 0.5 0.209375 0.5078125 0.2375 0.5125 0.24375
3 0.00625 0.6546875 0.009375 0.6546875 0.0109375 0.6609375 0.021875 0.665625 0.0296875 0.7140625 0.034375 0.7234375 0.040625 0.7515625 0.0453125 0.7609375 0.0453125 0.771875 0.0578125 0.815625 0.0546875 0.825 0.0546875 0.84375 0.0734375 0.8765625 0.0765625 0.8984375 0.090625 0.925 0.090625 0.93125 0.0859375 0.9375 0.0859375 0.94375 0.08125 0.9546875 0.0703125 0.965625 0.065625 0.965625 0.0625 0.9609375 0.0625 0.95 0.053125 0.9234375 0.05 0.9015625 0.046875 0.8953125 0.0453125 0.871875 0.040625 0.8640625 0.0390625 0.85625 0.03125 0.85 0.021875 0.8171875 0.021875 0.8109375 0.015625 0.79375 0.0140625 0.7796875 0.0078125 0.765625 0.0078125 0.759375 0.003125 0.7515625 0.003125 0.6984375 0.0046875 0.696875 0.003125 0.665625 0.00625 0.65625
3 0.1046875 0.81875 0.1125 0.8328125 0.11875 0.853125 0.1234375 0.8578125 0.128125 0.8484375 0.134375 0.8421875 0.1375 0.8421875 0.1390625 0.8453125 0.1515625 0.853125 0.1546875 0.8609375 0.1703125 0.8796875 0.1765625 0.90625 0.1765625 0.925 0.1828125 0.9375 0.1859375 0.971875 0.1921875 0.984375 0.1953125 0.9953125 0.19375 0.9984375 0.1625 0.9984375 0.15625 0.990625 0.1546875 0.984375 0.1421875 0.9734375 0.1390625 0.971875 0.1296875 0.971875 0.1265625 0.975 0.1234375 0.9734375 0.11875 0.95625 0.109375 0.9390625 0.109375 0.9296875 0.10625 0.91875 0.109375 0.884375 0.096875 0.8703125 0.096875 0.8625 0.09375 0.859375 0.09375 0.853125 0.0890625 0.84375 0.0890625 0.834375 0.09375 0.821875 0.0984375 0.81875 0.103125 0.81875
3 0.1359375 0.971875 0.1453125 0.9765625 0.153125 0.984375 0.1546875 0.990625 0.1609375 0.9984375 0.1140625 0.9984375 0.11875 0.98125 0.125 0.975 0.134375 0.971875
3 0.1875 0.709375 0.190625 0.7078125 0.2015625 0.709375 0.2109375 0.734375 0.2171875 0.74375 0.2171875 0.78125 0.23125 0.8046875 0.2328125 0.815625 0.2375 0.8234375 0.2453125 0.8484375 0.2453125 0.8625 0.2421875 0.8765625 0.2421875 0.9 0.2484375 0.928125 0.2484375 0.9421875 0.2453125 0.940625 0.2421875 0.93125 0.2328125 0.9171875 0.2125 0.9109375 0.2046875 0.9015625 0.2015625 0.9015625 0.196875 0.90625 0.196875 0.909375 0.1921875 0.9078125 0.1875 0.8875 0.1859375 0.853125 0.1828125 0.846875 0.1734375 0.796875 0.1734375 0.7421875 0.1609375 0.7296875 0.1546875 0.709375 0.15625 0.6828125 0.165625 0.678125 0.1734375 0.678125 0.178125 0.6828125 0.18125 0.690625 0.1828125 0.709375 0.1859375 0.7125 0.1875 0.7109375
3 0.5921875 0.409375 0.5984375 0.4125 0.6046875 0.4203125 0.60625 0.43125 0.603125 0.44375 0.6015625 0.4671875 0.615625 0.4921875 0.6203125 0.496875 0.6203125 0.503125 0.60625 0.5046875 0.6015625 0.5109375 0.603125 0.5171875 0.609375 0.5234375 0.6078125 0.5375 0.6046875 0.540625 0.6046875 0.5515625 0.6015625 0.5640625 0.5921875 0.575 0.590625 0.590625 0.584375 0.60625 0.578125 0.634375 0.5796875 0.6421875 0.590625 0.65 0.5921875 0.6578125 0.578125 0.659375 0.575 0.6625 0.584375 0.6828125 0.578125 0.684375 0.5625 0.6734375 0.5625 0.65 0.5765625 0.578125 0.5765625 0.5734375 0.56875 0.55625 0.5703125 0.4921875 0.575 0.4671875 0.5796875 0.45625 0.5828125 0.41875 0.590625 0.4109375
3 0.4640625 0.0953125 0.4671875 0.0953125 0.4671875 0.1 0.471875 0.1046875 0.475 0.1140625 0.4703125 0.1375 0.4703125 0.15625 0.4671875 0.1640625 0.4671875 0.1828125 0.4640625 0.184375 0.4609375 0.1828125 0.459375 0.1609375 0.45625 0.153125 0.45625 0.1125 0.4640625 0.096875