1 0.5078125 0.5203125 0.5109375 0.5375 0.5203125 0.5640625 0.51875 0.59375 0.5078125 0.59375 0.4953125 0.5796875 0.496875 0.5359375 0.503125 0.53125 0.503125 0.5265625 0.50625 0.521875
1 0.475 0.740625 0.4765625 0.7421875 0.4875 0.740625 0.4953125 0.7421875 0.50625 0.7390625 0.5171875 0.7421875 0.5234375 0.7546875 0.5234375 0.809375 0.521875 0.8125 0.46875 0.8125 0.4640625 0.8078125 0.465625 0.7609375 0.46875 0.7453125 0.4734375 0.7421875
1 0.1828125 0.975 0.1875 0.978125 0.1953125 0.975 0.196875 0.9765625 0.2015625 0.9890625 0.2015625 0.9984375 0.1703125 0.9984375 0.16875 0.996875 0.1671875 0.9890625 0.171875 0.9796875 0.171875 0.9734375 0.175 0.971875 0.18125 0.975
1 0.23125 0.91875 0.246875 0.9265625 0.2546875 0.9375 0.2546875 0.940625 0.2640625 0.9515625 0.2625 0.971875 0.25625 0.9828125 0.2546875 0.990625 0.25 0.9921875 0.25 0.9890625 0.240625 0.9796875 0.2375 0.9734375 0.234375 0.9453125 0.23125 0.940625 0.23125 0.9203125
1 0.8109375 0.88125 0.815625 0.90625 0.815625 0.9203125 0.8109375 0.928125 0.8078125 0.940625 0.7953125 0.9625 0.7890625 0.965625 0.7734375 0.946875 0.7734375 0.9421875 0.7859375 0.91875 0.796875 0.9078125 0.796875 0.9046875 0.803125 0.896875 0.80625 0.884375 0.809375 0.8828125
2 0.5578125 0.5109375 0.5609375 0.5125 0.559375 0.5328125 0.5546875 0.534375 0.553125 0.5265625 0.553125 0.51875 0.55625 0.5125
2 0.2203125 0.89375 0.2265625 0.8984375 0.23125 0.90625 0.2328125 0.915625 0.23125 0.9203125 0.2265625 0.91875 0.21875 0.8953125
3 0.5 0.096875 0.5046875 0.0984375 0.50625 0.1125 0.509375 0.1203125 0.50625 0.15 0.503125 0.1609375 0.503125 0.196875 0.4984375 0.2 0.496875 0.1984375 0.49375 0.1578125 0.496875 0.14375 0.4953125 0.1203125 0.5 0.0984375
3 0.5453125 0.415625 0.553125 0.4296875 0.553125 0.440625 0.5578125 0.4609375 0.5609375 0.528125 0.5578125 0.534375 0.5546875 0.5328125 0.553125 0.5265625 0.5546875 0.5109375 0.55 0.4953125 0.5421875 0.53125 0.5375 0.5421875 0.5375 0.55 0.5328125 0.565625 0.5328125 0.596875 0.5375 0.6234375 0.5359375 0.6484375 0.53125 0.646875 0.525 0.634375 0.525 0.6078125 0.521875 0.596875 0.521875 0.56875 0.5203125 0.5671875 0.521875 0.565625 0.5171875 0.54375 0.515625 0.5125 0.5125 0.5078125 0.5078125 0.5203125 0.5046875 0.521875 0.503125 0.4984375 0.5078125 0.4859375 0.5078125 0.4578125 0.5109375 0.434375 0.51875 0.4171875 0.5265625 0.40625 0.525 0.3734375 0.53125 0.3671875 0.5375 0.36875 0.540625 0.3734375 0.5390625 0.409375 0.54375 0.415625
3 0.1859375 0.834375 0.2015625 0.8421875 0.21875 0.8921875 0.2296875 0.9046875 0.23125 0.9171875 0.228125 0.93125 0.2375 0.975 0.2375 0.990625 0.2390625 0.9921875 0.2375 0.9984375 0.2015625 0.9984375 0.1953125 0.9953125 0.1921875 0.984375 0.1828125 0.975 0.1734375 0.9703125 0.171875 0.9203125 0.1703125 0.91875 0.171875 0.884375 0.16875 0.878125 0.1671875 0.85625 0.171875 0.8390625 0.175 0.8359375 0.184375 0.8359375
3 0.48125 0.0828125 0.4859375 0.096875 0.4859375 0.10625 0.4828125 0.1171875 0.4828125 0.15625 0.4765625 0.159375 0.471875 0.1578125 0.4734375 0.1234375 0.475 0.121875 0.4734375 0.0984375 0.4765625 0.0859375 0.4796875 0.084375