0 0.4980227265625 0.5355416671875 0.5034701703125 0.531625 0.5068352265625 0.5239843750000001 0.5039517046875 0.5194791671875 0.5020383515625 0.5212760421875 0.49577982968749995 0.5257482640625 0.49577982968749995 0.5324079859374999 0.4980227265625 0.5355416671875
2 0.4671875 0.41875 0.46875 0.434375 0.465625 0.4390625 0.4609375 0.4375 0.4578125 0.4296875 0.459375 0.4203125 0.465625 0.41875
2 0.56875 0.5140625 0.575 0.5140625 0.5765625 0.5171875 0.575 0.53125 0.575 0.528125 0.56875 0.521875 0.56875 0.515625
2 0.1515625 0.5546875 0.1546875 0.5578125 0.153125 0.5734375 0.1484375 0.575 0.1453125 0.56875 0.1453125 0.559375 0.146875 0.55625 0.15 0.55625
2 0.403125 0.88359375 0.0140625 0.02421875
2 0.5043124999999999 0.5158298609374999 0.49815767031249997 0.5145746531250001 0.49702272656249996 0.5157899312499999 0.49588636406250003 0.5209982640625 0.4974488640625 0.5225607640625001 0.50057244375 0.520824653125 0.5021335234375 0.5194357640625 0.506393465625 0.5229079859375 0.507671875 0.518394096875 0.5068196015625 0.5157899312499999 0.5043124999999999 0.5158298609374999
3 0.5671875 0.428125 0.578125 0.4453125 0.5765625 0.4640625 0.571875 0.46875 0.571875 0.471875 0.565625 0.4765625 0.5671875 0.5125 0.5765625 0.51875 0.5765625 0.5484375 0.5734375 0.5546875 0.5734375 0.571875 0.5703125 0.5796875 0.5625 0.5890625 0.5609375 0.6171875 0.5578125 0.628125 0.5578125 0.6453125 0.5609375 0.65 0.56875 0.653125 0.56875 0.659375 0.55 0.6671875 0.55 0.6734375 0.559375 0.6828125 0.559375 0.690625 0.55625 0.6921875 0.55 0.690625 0.546875 0.684375 0.5390625 0.678125 0.5390625 0.653125 0.546875 0.61875 0.546875 0.596875 0.5484375 0.5953125 0.546875 0.5828125 0.5421875 0.578125 0.5390625 0.5703125 0.5390625 0.5 0.54375 0.4671875 0.546875 0.4625 0.546875 0.4421875 0.55 0.428125 0.55625 0.4234375 0.5609375 0.4234375 0.565625 0.428125
3 0.1703125 0.428125 0.175 0.4546875 0.1796875 0.459375 0.1859375 0.4609375 0.1890625 0.475 0.19375 0.4828125 0.19375 0.503125 0.190625 0.5125 0.190625 0.5234375 0.19375 0.546875 0.2015625 0.575 0.2015625 0.5859375 0.19375 0.6015625 0.19375 0.6203125 0.2 0.6453125 0.2 0.653125 0.190625 0.659375 0.1890625 0.6734375 0.1859375 0.671875 0.1796875 0.6578125 0.171875 0.621875 0.171875 0.6015625 0.165625 0.5953125 0.1640625 0.590625 0.1640625 0.56875 0.1609375 0.5640625 0.15625 0.5625 0.15 0.5703125 0.146875 0.5640625 0.15 0.5546875 0.1484375 0.5515625 0.15 0.540625 0.1546875 0.528125 0.1546875 0.4890625 0.15625 0.475 0.159375 0.4671875 0.1578125 0.440625 0.1609375 0.43125 0.1640625 0.428125 0.16875 0.428125
3 0.990625 0.6265625 0.996875 0.6328125 0.996875 0.65 0.9953125 0.65625 0.984375 0.6640625 0.984375 0.6765625 0.9890625 0.6859375 0.9890625 0.7109375 0.9921875 0.721875 0.9921875 0.7359375 0.984375 0.740625 0.98125 0.734375 0.978125 0.7375 0.9734375 0.7546875 0.9671875 0.7640625 0.965625 0.8015625 0.9609375 0.80625 0.953125 0.8265625 0.9515625 0.84375 0.946875 0.8515625 0.9453125 0.8609375 0.946875 0.875 0.9421875 0.88125 0.9359375 0.884375 0.93125 0.8828125 0.93125 0.8765625 0.9375 0.8625 0.9375 0.8484375 0.94375 0.828125 0.9453125 0.803125 0.9421875 0.8015625 0.9359375 0.8109375 0.9296875 0.8453125 0.921875 0.8625 0.91875 0.865625 0.915625 0.8578125 0.921875 0.840625 0.9234375 0.8234375 0.9375 0.78125 0.9390625 0.759375 0.9453125 0.7390625 0.9453125 0.7328125 0.940625 0.7234375 0.9421875 0.696875 0.953125 0.6734375 0.9546875 0.6609375 0.9640625 0.65 0.9671875 0.6484375 0.9765625 0.65 0.984375 0.6296875 0.9890625 0.6265625
3 0.38125 0.7796875 0.3890625 0.790625 0.390625 0.8125 0.4015625 0.821875 0.409375 0.85 0.409375 0.884375 0.4046875 0.896875 0.4046875 0.909375 0.4 0.91875 0.4 0.9328125 0.3953125 0.934375 0.3890625 0.946875 0.38125 0.9515625 0.38125 0.95625 0.3890625 0.9640625 0.390625 0.9703125 0.4 0.9828125 0.4 0.996875 0.3859375 0.9984375 0.378125 0.996875 0.3671875 0.9984375 0.3546875 0.9859375 0.3453125 0.971875 0.3421875 0.95 0.34375 0.8703125 0.3453125 0.86875 0.3421875 0.8515625 0.34375 0.7953125 0.346875 0.79375 0.35625 0.7953125 0.3671875 0.778125 0.3734375 0.7765625 0.3796875 0.7796875
3 0.48125 0.3984375 0.4859375 0.409375 0.4875 0.4390625 0.4984375 0.446875 0.4984375 0.459375 0.50625 0.4921875 0.5046875 0.5046875 0.50625 0.515625 0.496875 0.5296875 0.4953125 0.5484375 0.4890625 0.56875 0.4875 0.603125 0.4828125 0.6234375 0.4828125 0.6453125 0.478125 0.653125 0.4734375 0.6515625 0.4703125 0.6359375 0.46875 0.64375 0.4671875 0.6453125 0.4625 0.64375 0.4609375 0.628125 0.4609375 0.596875 0.459375 0.5953125 0.4609375 0.478125 0.4578125 0.4734375 0.446875 0.4703125 0.4421875 0.4640625 0.4421875 0.4578125 0.44375 0.453125 0.459375 0.4390625 0.459375 0.4234375 0.4609375 0.4203125 0.46875 0.4171875 0.4703125 0.403125 0.475 0.3984375 0.4796875 0.3984375