0 0.517872159375 0.6337239578125 0.5205965906250001 0.63577256875 0.5254176140625 0.6101579859374999 0.5220639203124999 0.607340278125 0.5195482953125 0.6152795140625 0.517872159375 0.6337239578125
0 0.5396690343749999 0.3942204859375 0.54197443125 0.3855104171875 0.5457457390625 0.3844861109375 0.55161505625 0.3770572921875 0.54972869375 0.3688611109375 0.5480511359375 0.369628471875 0.5413451703125001 0.38474305625 0.537153409375 0.3988298609375 0.5386207390625 0.4008802078125 0.5396690343749999 0.3942204859375
1 0.471875 0.2265625 0.4796875 0.234375 0.4828125 0.2421875 0.484375 0.2578125 0.490625 0.2609375 0.4921875 0.2703125 0.4921875 0.275 0.490625 0.2765625 0.4875 0.275 0.484375 0.2546875 0.48125 0.2515625 0.48125 0.2453125 0.471875 0.228125
1 0.1953125 0.51015625 0.02109375 0.03828125
2 0.54375 0.384375 0.5453125 0.3859375 0.54375 0.403125 0.5390625 0.3984375 0.5421875 0.3859375
2 0.5296875 0.5953125 0.5296875 0.6109375 0.5265625 0.6125 0.521875 0.609375 0.521875 0.596875 0.528125 0.5953125
2 0.16015625 0.5015625 0.01015625 0.0171875
2 0.459375 0.2875 0.459375 0.2796875 0.4640625 0.2734375 0.4640625 0.2890625 0.4609375 0.2875
2 0.53125 0.4015625 0.53125 0.384375 0.5328125 0.3828125 0.5375 0.3828125 0.5421875 0.3890625 0.5421875 0.3921875 0.5328125 0.4015625
3 0.4734375 0.2 0.4796875 0.2109375 0.4828125 0.2234375 0.4875 0.228125 0.4921875 0.2453125 0.4921875 0.2578125 0.4890625 0.2609375 0.4890625 0.278125 0.4859375 0.2890625 0.4921875 0.3546875 0.4859375 0.353125 0.48125 0.3328125 0.478125 0.3421875 0.478125 0.3609375 0.4734375 0.3609375 0.46875 0.3546875 0.4703125 0.325 0.4640625 0.271875 0.4609375 0.2625 0.4609375 0.2453125 0.4640625 0.2375 0.4640625 0.228125 0.46875 0.2203125 0.46875 0.2015625 0.471875 0.2
3 0.515625 0.3203125 0.5203125 0.321875 0.5265625 0.33125 0.5234375 0.3609375 0.5296875 0.371875 0.5296875 0.38125 0.5375 0.3828125 0.5453125 0.3875 0.54375 0.40625 0.5375 0.4109375 0.5328125 0.409375 0.5296875 0.4125 0.528125 0.4515625 0.5234375 0.4625 0.51875 0.4875 0.5140625 0.4859375 0.515625 0.4421875 0.509375 0.4375 0.5046875 0.4375 0.4953125 0.4421875 0.4953125 0.3640625 0.5 0.353125 0.50625 0.35 0.5078125 0.33125 0.5109375 0.3234375 0.5140625 0.321875
3 0.4640625 0.2734375 0.4640625 0.290625 0.4671875 0.2984375 0.465625 0.3296875 0.4625 0.3328125 0.453125 0.33125 0.453125 0.3265625 0.4625 0.3140625 0.4625 0.2921875 0.459375 0.2859375 0.4625 0.275
3 0.171875 0.4015625 0.175 0.4015625 0.1828125 0.4125 0.184375 0.4265625 0.1890625 0.434375 0.196875 0.459375 0.1984375 0.49375 0.203125 0.5109375 0.2 0.54375 0.2015625 0.5734375 0.2140625 0.6296875 0.2109375 0.6359375 0.2109375 0.6484375 0.2078125 0.65625 0.2015625 0.6625 0.1953125 0.665625 0.1921875 0.6640625 0.1921875 0.6578125 0.196875 0.646875 0.19375 0.6359375 0.1953125 0.6046875 0.190625 0.596875 0.1875 0.565625 0.1796875 0.546875 0.175 0.528125 0.171875 0.525 0.171875 0.51875 0.1671875 0.515625 0.1640625 0.509375 0.15625 0.50625 0.15625 0.496875 0.165625 0.4890625 0.171875 0.465625 0.171875 0.4421875 0.165625 0.4296875 0.165625 0.415625 0.171875 0.403125
3 0.5 0.440625 0.5078125 0.4390625 0.5140625 0.44375 0.5140625 0.465625 0.5109375 0.48125 0.515625 0.490625 0.5296875 0.496875 0.5296875 0.525 0.53125 0.5265625 0.5296875 0.609375 0.525 0.6109375 0.521875 0.60625 0.5109375 0.61875 0.5015625 0.6625 0.5015625 0.671875 0.5140625 0.7140625 0.5125 0.71875 0.5046875 0.7265625 0.5015625 0.728125 0.5 0.7265625 0.5 0.7078125 0.490625 0.6875 0.4890625 0.6703125 0.4859375 0.6625 0.4875 0.6015625 0.4828125 0.596875 0.4734375 0.59375 0.46875 0.5859375 0.46875 0.553125 0.4734375 0.5078125 0.4765625 0.4984375 0.4953125 0.4859375 0.4984375 0.478125 0.4953125 0.465625 0.4953125 0.4515625 0.5 0.4421875