1 0.44375 0.271875 0.453125 0.2734375 0.45625 0.290625 0.4515625 0.3125 0.45 0.3140625 0.4421875 0.3125 0.4390625 0.3078125 0.4375 0.2984375 0.4375 0.2828125 0.44375 0.2734375
1 0.3171875 0.7390625 0.3171875 0.74375 0.3265625 0.7609375 0.3265625 0.76875 0.321875 0.7765625 0.3203125 0.7859375 0.315625 0.784375 0.3125 0.778125 0.303125 0.76875 0.303125 0.7578125 0.3078125 0.75 0.3078125 0.7453125 0.3125 0.7375 0.315625 0.7390625
2 0.4390625 0.27421875 0.00859375 0.0140625
2 0.42109375 0.628125 0.0125 0.02421875
2 0.33125 0.69375 0.3328125 0.7046875 0.3296875 0.7078125 0.321875 0.70625 0.325 0.696875 0.3296875 0.69375
2 0.4359375 0.596875 0.4390625 0.596875 0.44375 0.603125 0.44375 0.6109375 0.4359375 0.6203125 0.4328125 0.615625 0.4359375 0.5984375
2 0.25 0.6375 0.2546875 0.6375 0.25625 0.64375 0.25625 0.653125 0.2546875 0.6578125 0.2515625 0.6578125 0.25 0.65625 0.25 0.6390625
2 0.1640625 0.3984375 0.165625 0.396875 0.175 0.3984375 0.1765625 0.403125 0.1734375 0.4078125 0.16875 0.40625 0.165625 0.4
2 0.1984375 0.378125 0.2015625 0.3796875 0.203125 0.3875 0.196875 0.39375 0.190625 0.3921875 0.190625 0.3859375 0.19375 0.3796875 0.196875 0.378125
2 0.2796875 0.6640625 0.2828125 0.665625 0.2875 0.678125 0.28125 0.6875 0.2765625 0.6828125 0.2796875 0.665625
3 0.534375 0.25625 0.5359375 0.271875 0.54375 0.2875 0.54375 0.3046875 0.546875 0.3140625 0.546875 0.321875 0.540625 0.3453125 0.5296875 0.3375 0.5234375 0.3390625 0.51875 0.325 0.51875 0.30625 0.5171875 0.3046875 0.51875 0.26875 0.521875 0.2625 0.5328125 0.25625
3 0.45 0.19375 0.4546875 0.209375 0.453125 0.2203125 0.459375 0.2375 0.459375 0.2515625 0.4640625 0.271875 0.4625 0.29375 0.465625 0.3140625 0.4671875 0.3609375 0.4609375 0.3640625 0.45625 0.359375 0.453125 0.3484375 0.4515625 0.321875 0.45 0.315625 0.44375 0.3125 0.4390625 0.303125 0.4375 0.275 0.4328125 0.2609375 0.4328125 0.24375 0.4359375 0.2296875 0.44375 0.2203125 0.4453125 0.215625 0.44375 0.2015625 0.4453125 0.196875 0.4484375 0.1953125
3 0.275 0.628125 0.2796875 0.6265625 0.2859375 0.63125 0.2953125 0.6453125 0.2953125 0.6484375 0.3109375 0.6671875 0.3109375 0.671875 0.3234375 0.6953125 0.33125 0.696875 0.33125 0.703125 0.3265625 0.70625 0.3171875 0.70625 0.315625 0.7125 0.3265625 0.7296875 0.3265625 0.7359375 0.33125 0.7421875 0.3390625 0.771875 0.3375 0.78125 0.3296875 0.790625 0.325 0.7921875 0.3140625 0.78125 0.3125 0.7765625 0.3 0.765625 0.296875 0.759375 0.2859375 0.75 0.28125 0.7421875 0.28125 0.7359375 0.271875 0.721875 0.26875 0.6796875 0.271875 0.65625 0.2703125 0.6359375 0.275 0.6296875
3 0.40625 0.5046875 0.4140625 0.50625 0.4203125 0.5140625 0.4203125 0.5171875 0.4296875 0.5234375 0.4328125 0.528125 0.446875 0.5671875 0.446875 0.584375 0.4453125 0.59375 0.4421875 0.596875 0.44375 0.60625 0.4359375 0.61875 0.4296875 0.61875 0.4265625 0.621875 0.4265625 0.634375 0.4234375 0.6375 0.4140625 0.634375 0.40625 0.625 0.40625 0.6203125 0.3984375 0.6140625 0.3953125 0.609375 0.390625 0.5875 0.3890625 0.55 0.3921875 0.5390625 0.4 0.53125 0.4 0.5171875 0.4015625 0.5109375 0.40625 0.50625
3 0.175 0.4953125 0.178125 0.496875 0.184375 0.5125 0.1921875 0.503125 0.1953125 0.5046875 0.19375 0.51875 0.1859375 0.5328125 0.1859375 0.5390625 0.1921875 0.5421875 0.19375 0.5484375 0.19375 0.553125 0.1859375 0.559375 0.190625 0.58125 0.1890625 0.5890625 0.1765625 0.578125 0.159375 0.5515625 0.159375 0.5328125 0.1640625 0.51875 0.1640625 0.5109375 0.1671875 0.5 0.1734375 0.496875
3 0.16875 0.3546875 0.1734375 0.353125 0.1765625 0.359375 0.19375 0.3734375 0.1984375 0.3828125 0.1890625 0.3875 0.1859375 0.40625 0.178125 0.4109375 0.18125 0.425 0.1859375 0.4328125 0.1859375 0.4421875 0.19375 0.465625 0.1921875 0.48125 0.1875 0.475 0.1875 0.4625 0.175 0.428125 0.171875 0.4078125 0.165625 0.4015625 0.165625 0.3671875 0.16875 0.35625
3 0.159375 0.465625 0.165625 0.46875 0.1703125 0.475 0.1703125 0.4796875 0.178125 0.49375 0.178125 0.496875 0.171875 0.4953125 0.1671875 0.5 0.1625 0.5125 0.1625 0.51875 0.159375 0.521875 0.15625 0.521875 0.1546875 0.4953125 0.1421875 0.4890625 0.14375 0.46875 0.1578125 0.465625
3 0.20625 0.5125 0.2109375 0.5265625 0.2234375 0.5390625 0.2375 0.559375 0.24375 0.5765625 0.2453125 0.590625 0.253125 0.6203125 0.253125 0.6375 0.2546875 0.6390625 0.2546875 0.653125 0.25 0.659375 0.2515625 0.675 0.25 0.684375 0.253125 0.69375 0.2515625 0.70625 0.2484375 0.7046875 0.2484375 0.7015625 0.2390625 0.6890625 0.2390625 0.684375 0.234375 0.675 0.234375 0.6625 0.2234375 0.6296875 0.209375 0.6140625 0.203125 0.6109375 0.203125 0.6078125 0.1984375 0.6046875 0.1953125 0.596875 0.19375 0.5375 0.2 0.5234375 0.2015625 0.5140625 0.2046875 0.5125