1 0.46875 0.7390625 0.46875 0.7296875 0.471875 0.7234375 0.471875 0.715625 0.478125 0.6921875 0.48125 0.6890625 0.48125 0.6921875 0.475 0.7265625 0.4703125 0.7390625 0.4671875 0.740625
2 0.2703125 0.484375 0.01015625 0.0171875
2 0.76875 0.8203125 0.7734375 0.81875 0.7796875 0.8234375 0.7796875 0.834375 0.771875 0.84375 0.76875 0.84375 0.765625 0.8375 0.765625 0.8265625 0.76875 0.821875
2 0.4875 0.7375 0.4921875 0.746875 0.490625 0.7515625 0.484375 0.7546875 0.478125 0.75 0.478125 0.746875 0.4859375 0.7390625
2 0.2765625 0.446875 0.2796875 0.45 0.2796875 0.45625 0.2765625 0.459375 0.271875 0.4578125 0.271875 0.4484375 0.275 0.446875
2 0.8 0.86875 0.803125 0.8734375 0.803125 0.8796875 0.8 0.8875 0.796875 0.8890625 0.7890625 0.884375 0.7875 0.878125 0.79375 0.86875 0.7984375 0.86875
2 0.4625 0.74375 0.475 0.746875 0.4734375 0.75625 0.46875 0.7609375 0.465625 0.7609375 0.4609375 0.7546875 0.4625 0.7453125
3 0.4703125 0.6359375 0.478125 0.6390625 0.4828125 0.6640625 0.490625 0.66875 0.490625 0.6734375 0.4984375 0.6890625 0.5015625 0.7078125 0.5046875 0.7140625 0.5046875 0.7296875 0.4984375 0.740625 0.5 0.7609375 0.496875 0.778125 0.5 0.8046875 0.5 0.834375 0.5015625 0.8359375 0.5015625 0.875 0.4984375 0.878125 0.4953125 0.8765625 0.49375 0.871875 0.49375 0.8484375 0.490625 0.8359375 0.490625 0.821875 0.48125 0.7921875 0.478125 0.7984375 0.478125 0.8703125 0.4734375 0.88125 0.4734375 0.8875 0.4703125 0.8875 0.4703125 0.8640625 0.465625 0.834375 0.465625 0.815625 0.4625 0.80625 0.4625 0.7921875 0.4671875 0.7859375 0.4671875 0.7625 0.459375 0.753125 0.453125 0.7515625 0.453125 0.7484375 0.446875 0.7421875 0.4421875 0.73125 0.44375 0.7140625 0.446875 0.7046875 0.4484375 0.675 0.45 0.6703125 0.459375 0.6640625 0.459375 0.65 0.4640625 0.6390625 0.46875 0.6375
3 0.796875 0.7640625 0.80625 0.75625 0.8140625 0.7453125 0.8203125 0.746875 0.825 0.7546875 0.8265625 0.7703125 0.834375 0.7796875 0.8421875 0.803125 0.8421875 0.8375 0.8359375 0.865625 0.834375 0.8921875 0.8265625 0.9125 0.8140625 0.921875 0.8140625 0.9390625 0.803125 0.975 0.803125 0.9953125 0.8 0.9984375 0.79375 0.996875 0.7921875 0.99375 0.796875 0.978125 0.796875 0.95625 0.8015625 0.9390625 0.8015625 0.9328125 0.796875 0.9203125 0.796875 0.9046875 0.7953125 0.903125 0.796875 0.8953125 0.7953125 0.890625 0.7890625 0.884375 0.790625 0.86875 0.784375 0.859375 0.7859375 0.834375 0.78125 0.83125 0.7734375 0.840625 0.76875 0.840625 0.765625 0.8359375 0.765625 0.83125 0.7671875 0.8234375 0.778125 0.8125 0.78125 0.80625 0.78125 0.8015625 0.7890625 0.7859375 0.7921875 0.771875 0.796875 0.765625
3 0.2453125 0.3828125 0.2515625 0.3875 0.2546875 0.403125 0.2625 0.415625 0.2640625 0.43125 0.2734375 0.45 0.2671875 0.4734375 0.275 0.4828125 0.275 0.5078125 0.2796875 0.546875 0.2875 0.5671875 0.3 0.5796875 0.3015625 0.584375 0.3 0.59375 0.29375 0.5859375 0.284375 0.58125 0.2796875 0.56875 0.2765625 0.5703125 0.265625 0.5640625 0.265625 0.5296875 0.2546875 0.5 0.2453125 0.490625 0.2453125 0.46875 0.2375 0.4421875 0.2375 0.41875 0.2421875 0.40625 0.2390625 0.3921875 0.240625 0.3859375 0.24375 0.384375
3 0.425 0.7546875 0.4328125 0.7609375 0.4390625 0.8046875 0.446875 0.809375 0.4546875 0.81875 0.465625 0.846875 0.4671875 0.8828125 0.4703125 0.8875 0.4671875 0.934375 0.45625 0.9234375 0.4515625 0.8921875 0.4484375 0.8921875 0.44375 0.896875 0.4375 0.9078125 0.4359375 0.9046875 0.421875 0.8953125 0.4203125 0.890625 0.4109375 0.884375 0.40625 0.8765625 0.40625 0.81875 0.4078125 0.8171875 0.40625 0.7765625 0.4109375 0.7640625 0.41875 0.75625 0.4234375 0.7546875