0 0.48835511406250004 0.4082760421875 0.4898948859375 0.41750347187500003 0.49205113593750005 0.4208923609375 0.4975951703125 0.419387153125 0.5008295453125 0.41505555625 0.50052130625 0.40545138906249995 0.498765625 0.40116840312499996 0.4892798296875 0.40319270781250005 0.48835511406250004 0.4082760421875
1 0.05625 0.7515625 0.059375 0.746875 0.0640625 0.746875 0.0734375 0.7625 0.0765625 0.771875 0.0765625 0.78125 0.0796875 0.7875 0.0796875 0.8 0.0828125 0.8046875 0.0875 0.825 0.0890625 0.86875 0.08125 0.8859375 0.0765625 0.8890625 0.06875 0.8875 0.0625 0.8765625 0.0625 0.86875 0.05625 0.85625 0.059375 0.80625 0.0453125 0.790625 0.0390625 0.7875 0.04375 0.775 0.05 0.778125 0.05625 0.7859375 0.059375 0.7875 0.0625 0.7859375 0.065625 0.778125 0.0625 0.76875 0.0625 0.75625 0.0578125 0.753125
1 0.4890625 0.4234375 0.4921875 0.4234375 0.4953125 0.428125 0.49375 0.440625 0.4875 0.4421875 0.4859375 0.4296875 0.4890625 0.425
2 0.921875 0.6453125 0.9203125 0.6359375 0.921875 0.63125 0.9328125 0.634375 0.93125 0.640625 0.9234375 0.6453125
2 0.075 0.7296875 0.08125 0.7296875 0.0828125 0.7328125 0.08125 0.7421875 0.075 0.7546875 0.0734375 0.753125 0.075 0.73125
2 0.0171875 0.7953125 0.0296875 0.803125 0.03125 0.8109375 0.03125 0.81875 0.0265625 0.8171875 0.015625 0.8015625 0.0171875 0.796875
2 0.9 0.6453125 0.903125 0.6484375 0.903125 0.65625 0.9 0.6609375 0.890625 0.65625 0.890625 0.6453125 0.8921875 0.64375 0.8984375 0.6453125
2 0.5066960234375 0.41131944374999996 0.501247159375 0.41259375 0.5001633515624999 0.41634374999999996 0.497096590625 0.4194322921875 0.49456960156249996 0.4223020828125 0.496375 0.42561111093750004 0.49583380625 0.43046527812499996 0.501247159375 0.42914062499999994 0.5081036937500001 0.42185937500000004 0.5066960234375 0.41131944374999996
2 0.5162244312500001 0.2147447921875 0.519471590625 0.21386111093750002 0.5212769890625 0.210331596875 0.519471590625 0.20435937499999998 0.5165852265625 0.20547743125 0.5155014203125 0.209449653125 0.5162244312500001 0.2147447921875
1 0.5002272734375001 0.153128471875 0.5020866484375001 0.1535833328125 0.5028309656250001 0.1520677078125 0.5028309656250001 0.14433680625 0.5005994312500001 0.143578125 0.494028409375 0.12993576406250001 0.493409090625 0.130996528125 0.49911079531249997 0.1463072921875 0.5002272734375001 0.153128471875
3 0.5328125 0.2015625 0.5375 0.2 0.5453125 0.2078125 0.5453125 0.2390625 0.546875 0.240625 0.546875 0.25625 0.54375 0.275 0.5390625 0.28125 0.53125 0.28125 0.528125 0.275 0.528125 0.2671875 0.53125 0.2625 0.5296875 0.2484375 0.53125 0.246875 0.53125 0.20625 0.5328125 0.203125
3 0.4953125 0.1078125 0.4984375 0.1109375 0.503125 0.128125 0.503125 0.14375 0.4984375 0.1625 0.5 0.1890625 0.4984375 0.190625 0.4921875 0.1890625 0.490625 0.125 0.4953125 0.109375
3 0.5125 0.1515625 0.51875 0.153125 0.521875 0.171875 0.5296875 0.190625 0.5296875 0.2 0.5265625 0.20625 0.5265625 0.215625 0.5234375 0.2265625 0.51875 0.2890625 0.515625 0.284375 0.5109375 0.3 0.5078125 0.303125 0.5 0.303125 0.5 0.2984375 0.50625 0.290625 0.509375 0.2765625 0.5078125 0.20625 0.5109375 0.19375 0.5109375 0.1546875 0.5125 0.153125
3 0.5078125 0.3265625 0.5140625 0.3265625 0.5171875 0.334375 0.5171875 0.35625 0.528125 0.3796875 0.5296875 0.4140625 0.5203125 0.425 0.51875 0.4421875 0.5140625 0.45625 0.5140625 0.528125 0.50625 0.5390625 0.4984375 0.5375 0.5 0.5265625 0.50625 0.51875 0.5078125 0.5109375 0.50625 0.4890625 0.5015625 0.475 0.4984375 0.484375 0.4984375 0.5109375 0.5 0.5125 0.4984375 0.5203125 0.4859375 0.5203125 0.4828125 0.515625 0.484375 0.509375 0.4921875 0.503125 0.49375 0.4921875 0.490625 0.459375 0.4953125 0.4328125 0.49375 0.425 0.5 0.415625 0.5 0.409375 0.496875 0.403125 0.496875 0.3796875 0.5015625 0.3609375 0.5015625 0.334375 0.5078125 0.328125
3 0.0734375 0.6078125 0.0828125 0.621875 0.0921875 0.6453125 0.0921875 0.653125 0.0984375 0.675 0.1078125 0.6921875 0.1140625 0.7265625 0.1234375 0.7515625 0.121875 0.7578125 0.1234375 0.7671875 0.1328125 0.778125 0.1390625 0.7953125 0.1390625 0.8046875 0.146875 0.809375 0.15 0.81875 0.1453125 0.84375 0.1390625 0.85 0.1328125 0.846875 0.134375 0.8109375 0.125 0.796875 0.125 0.7921875 0.1171875 0.784375 0.1140625 0.7859375 0.1140625 0.7890625 0.115625 0.7984375 0.1234375 0.8109375 0.1234375 0.8234375 0.1203125 0.8265625 0.1171875 0.8390625 0.109375 0.846875 0.1078125 0.834375 0.1109375 0.80625 0.0984375 0.7765625 0.0875 0.7328125 0.084375 0.7296875 0.08125 0.7328125 0.08125 0.7390625 0.078125 0.74375 0.075 0.746875 0.0734375 0.7453125 0.075 0.696875 0.0671875 0.671875 0.0640625 0.6421875 0.0625 0.6375 0.0515625 0.6265625 0.046875 0.615625 0.046875 0.6 0.0515625 0.5875 0.05625 0.584375 0.0609375 0.584375 0.071875 0.6078125
3 0.0265625 0.7015625 0.0328125 0.7015625 0.034375 0.7046875 0.040625 0.7078125 0.0453125 0.721875 0.046875 0.7390625 0.05 0.7453125 0.0546875 0.7484375 0.05625 0.746875 0.0671875 0.7484375 0.075 0.7640625 0.078125 0.7765625 0.078125 0.79375 0.0765625 0.7984375 0.0734375 0.8 0.06875 0.8 0.0671875 0.79375 0.0609375 0.7984375 0.0609375 0.8078125 0.0640625 0.809375 0.0640625 0.8203125 0.059375 0.825 0.0625 0.8265625 0.0640625 0.8234375 0.06875 0.8234375 0.075 0.8296875 0.0796875 0.8296875 0.08125 0.825 0.084375 0.825 0.084375 0.8390625 0.0875 0.8484375 0.0859375 0.853125 0.0921875 0.86875 0.0921875 0.8796875 0.096875 0.890625 0.1 0.909375 0.1015625 0.9140625 0.1078125 0.9203125 0.1078125 0.9265625 0.1203125 0.9625 0.1203125 0.971875 0.13125 0.9921875 0.128125 0.9984375 0.125 0.9984375 0.1203125 0.99375 0.1109375 0.9984375 0.1046875 0.9984375 0.1015625 0.9953125 0.0890625 0.959375 0.084375 0.9546875 0.0796875 0.9546875 0.0625 0.9234375 0.0609375 0.9046875 0.05 0.8828125 0.05 0.878125 0.046875 0.875 0.0453125 0.8640625 0.0390625 0.853125 0.03125 0.83125 0.03125 0.825 0.01875 0.8046875 0.01875 0.8 0.028125 0.803125 0.034375 0.8171875 0.0359375 0.81875 0.0375 0.8171875 0.034375 0.79375 0.04375 0.778125 0.040625 0.76875 0.03125 0.7578125 0.028125 0.746875 0.021875 0.7421875 0.0234375 0.7140625 0.0265625 0.703125
3 0.953125 0.5734375 0.9609375 0.58125 0.9609375 0.6 0.959375 0.6015625 0.9609375 0.6375 0.959375 0.6484375 0.9515625 0.6703125 0.9515625 0.6828125 0.9421875 0.7140625 0.9421875 0.725 0.93125 0.7453125 0.9265625 0.7609375 0.925 0.79375 0.9203125 0.809375 0.9203125 0.8359375 0.915625 0.84375 0.9140625 0.840625 0.9078125 0.8390625 0.9015625 0.8296875 0.903125 0.821875 0.9109375 0.8234375 0.9140625 0.8203125 0.915625 0.809375 0.9140625 0.7765625 0.90625 0.76875 0.8890625 0.7921875 0.8875 0.8015625 0.884375 0.7984375 0.8765625 0.7765625 0.8796875 0.7703125 0.8875 0.778125 0.8953125 0.7671875 0.9046875 0.746875 0.90625 0.728125 0.9125 0.7109375 0.9125 0.6796875 0.90625 0.6734375 0.9015625 0.6625 0.8921875 0.65625 0.890625 0.6484375 0.8921875 0.6453125 0.8984375 0.6453125 0.9046875 0.6484375 0.9109375 0.6578125 0.9140625 0.659375 0.921875 0.6578125 0.9234375 0.646875 0.921875 0.634375 0.93125 0.6359375 0.9390625 0.625 0.94375 0.609375 0.94375 0.5796875 0.946875 0.5734375 0.9515625 0.5734375