0 0.842403409375 0.3993489578125 0.8324602265625 0.399043403125 0.8319204546875 0.41028125 0.8456178984375 0.41028125 0.8452571015625001 0.4019079859375 0.842403409375 0.3993489578125
1 0.2109375 0.503125 0.2140625 0.509375 0.2140625 0.525 0.2171875 0.5296875 0.21875 0.5484375 0.2140625 0.553125 0.203125 0.55625 0.2 0.553125 0.1984375 0.5421875 0.1984375 0.5359375 0.2046875 0.53125 0.209375 0.5234375 0.2109375 0.5046875
1 0.8609375 0.3265625 0.8625 0.3265625 0.8625 0.33125 0.8578125 0.3359375 0.85625 0.3421875 0.85625 0.3625 0.859375 0.3765625 0.8578125 0.3921875 0.8546875 0.3953125 0.84375 0.3921875 0.840625 0.38125 0.84375 0.3359375 0.8453125 0.3328125 0.853125 0.3328125 0.8609375 0.328125
1 0.54375 0.303125 0.5484375 0.303125 0.5546875 0.3078125 0.559375 0.3171875 0.5578125 0.3484375 0.553125 0.353125 0.5421875 0.353125 0.5390625 0.35 0.5359375 0.3375 0.5375 0.321875 0.54375 0.3046875
2 0.1296875 0.4796875 0.1328125 0.4828125 0.1328125 0.496875 0.1296875 0.496875 0.128125 0.49375 0.128125 0.48125
2 0.1890625 0.5234375 0.19375 0.5359375 0.1890625 0.5390625 0.1859375 0.5359375 0.1859375 0.5296875 0.1890625 0.525
2 0.0984375 0.4765625 0.0953125 0.4734375 0.096875 0.46875 0.1015625 0.465625 0.1046875 0.4671875 0.103125 0.4734375 0.1 0.475
2 0.865625 0.425 0.871875 0.4265625 0.8671875 0.4390625 0.865625 0.4390625 0.8640625 0.4296875 0.865625 0.4265625
3 0.5578125 0.2765625 0.5609375 0.2984375 0.5609375 0.3515625 0.5578125 0.353125 0.546875 0.353125 0.540625 0.35 0.5390625 0.3421875 0.5265625 0.3359375 0.525 0.3296875 0.53125 0.3046875 0.546875 0.290625 0.5484375 0.2796875 0.5515625 0.2765625 0.55625 0.2765625
3 0.10625 0.409375 0.109375 0.421875 0.1140625 0.4265625 0.1171875 0.4265625 0.121875 0.4328125 0.1265625 0.459375 0.1296875 0.465625 0.1296875 0.4734375 0.1328125 0.48125 0.1328125 0.50625 0.1390625 0.5296875 0.1390625 0.5515625 0.1296875 0.5484375 0.125 0.5328125 0.125 0.525 0.1203125 0.51875 0.1203125 0.5140625 0.109375 0.4890625 0.1078125 0.471875 0.10625 0.4703125 0.0984375 0.475 0.096875 0.4734375 0.1015625 0.465625 0.1 0.4515625 0.1 0.434375 0.1015625 0.4328125 0.0984375 0.4265625 0.0984375 0.4171875 0.1 0.4125 0.1046875 0.409375
3 0.45 0.275 0.453125 0.2796875 0.453125 0.29375 0.4640625 0.3109375 0.4671875 0.31875 0.4671875 0.33125 0.471875 0.3375 0.471875 0.3484375 0.46875 0.35625 0.46875 0.39375 0.4640625 0.4078125 0.4609375 0.4078125 0.4625 0.4 0.4546875 0.375 0.453125 0.35625 0.44375 0.3375 0.4390625 0.3125 0.4390625 0.3046875 0.4421875 0.2984375 0.440625 0.2796875 0.4421875 0.2765625 0.4484375 0.275
3 0.190625 0.4609375 0.20625 0.4796875 0.2125 0.5015625 0.2234375 0.525 0.225 0.5640625 0.23125 0.575 0.23125 0.5828125 0.2234375 0.5890625 0.2203125 0.5890625 0.21875 0.571875 0.2125 0.5609375 0.20625 0.5578125 0.2 0.55 0.1984375 0.5390625 0.196875 0.5375 0.1921875 0.5390625 0.1875 0.5359375 0.1890625 0.5125 0.1796875 0.4796875 0.1796875 0.4671875 0.1828125 0.4625 0.1890625 0.4609375
3 0.48125 0.2484375 0.484375 0.265625 0.4890625 0.2765625 0.4890625 0.2859375 0.4859375 0.2921875 0.4828125 0.3171875 0.484375 0.3453125 0.4875 0.35625 0.4828125 0.3671875 0.478125 0.3703125 0.478125 0.3515625 0.4734375 0.334375 0.4734375 0.309375 0.46875 0.3 0.46875 0.2796875 0.471875 0.2734375 0.4734375 0.25 0.4796875 0.2484375
3 0.5 0.2640625 0.5109375 0.2796875 0.5171875 0.2953125 0.515625 0.3125 0.50625 0.3265625 0.50625 0.3375 0.5140625 0.3515625 0.5140625 0.35625 0.4890625 0.353125 0.4859375 0.34375 0.484375 0.3109375 0.4890625 0.2875 0.490625 0.284375 0.496875 0.28125 0.5 0.265625
3 0.84375 0.3640625 0.8453125 0.3609375 0.84375 0.3515625 0.8484375 0.3453125 0.8484375 0.340625 0.84375 0.334375 0.8484375 0.3203125 0.859375 0.3125 0.859375 0.3046875 0.865625 0.2921875 0.8703125 0.2921875 0.8765625 0.3015625 0.8765625 0.315625 0.871875 0.325 0.8734375 0.396875 0.871875 0.3984375 0.871875 0.4234375 0.86875 0.434375 0.8671875 0.4796875 0.8703125 0.4875 0.878125 0.4890625 0.878125 0.49375 0.8734375 0.503125 0.8625 0.50625 0.859375 0.4734375 0.859375 0.4390625 0.85625 0.434375 0.846875 0.4796875 0.846875 0.5046875 0.8546875 0.5125 0.8515625 0.5171875 0.8421875 0.5203125 0.8375 0.5171875 0.846875 0.428125 0.846875 0.4140625 0.84375 0.4078125 0.84375 0.3921875 0.8421875 0.390625 0.8421875 0.3703125 0.8453125 0.3734375 0.85 0.3734375 0.853125 0.3703125 0.853125 0.365625 0.85 0.3625 0.8515625 0.35625 0.8484375 0.353125 0.8453125 0.35625 0.846875 0.3625 0.84375 0.365625
3 0.4328125 0.3109375 0.4359375 0.3109375 0.4390625 0.31875 0.4421875 0.34375 0.4515625 0.3546875 0.4515625 0.3671875 0.4546875 0.3734375 0.459375 0.3984375 0.4625 0.403125 0.4625 0.4078125 0.4390625 0.4296875 0.4359375 0.4640625 0.4296875 0.4578125 0.4328125 0.403125 0.421875 0.3796875 0.421875 0.3625 0.4234375 0.35625 0.43125 0.3453125 0.4296875 0.340625 0.4234375 0.334375 0.4234375 0.321875 0.4328125 0.3125