1 0.55625 0.5125 0.55625 0.48125 0.553125 0.4734375 0.5578125 0.459375 0.565625 0.4671875 0.5671875 0.4734375 0.5640625 0.51875 0.5625 0.5203125 0.5578125 0.5125
1 0.509375 0.3171875 0.515625 0.3328125 0.5203125 0.3296875 0.521875 0.321875 0.5265625 0.3171875 0.5296875 0.3171875 0.525 0.3375 0.5296875 0.35 0.53125 0.378125 0.5296875 0.3921875 0.525 0.396875 0.5078125 0.396875 0.503125 0.39375 0.503125 0.3609375 0.509375 0.340625 0.509375 0.3296875 0.5046875 0.31875 0.5078125 0.3171875
1 0.4875 0.815625 0.4890625 0.85 0.4953125 0.8546875 0.4984375 0.865625 0.4984375 0.8921875 0.49375 0.90625 0.4921875 0.928125 0.4796875 0.9359375 0.478125 0.9390625 0.4734375 0.9390625 0.46875 0.9234375 0.46875 0.909375 0.4640625 0.8890625 0.4640625 0.8796875 0.4734375 0.8453125 0.4765625 0.840625 0.48125 0.840625 0.484375 0.8375 0.484375 0.81875 0.4859375 0.8171875
1 0.440625 0.9078125 0.03671875 0.0796875
1 0.0046875 0.840625 0.009375 0.8421875 0.0140625 0.853125 0.0234375 0.8625 0.028125 0.8734375 0.0296875 0.8875 0.034375 0.89375 0.0375 0.9046875 0.0375 0.9171875 0.0296875 0.9453125 0.021875 0.946875 0.015625 0.94375 0.0109375 0.9203125 0.0109375 0.90625 0.0046875 0.89375 0.0046875 0.8671875 0.0015625 0.8625 0.0046875 0.8421875
1 0.5015625 0.3890625 0.50625 0.3984375 0.5046875 0.4265625 0.5 0.425 0.4984375 0.4046875 0.5015625 0.390625
0 0.661049715625 0.7255017359375 0.6619232953124999 0.7161614578125 0.6606136359375 0.7089583328125 0.6416207390625 0.7081579859375 0.64183806875 0.74071006875 0.6479517046875001 0.74071006875 0.656247159375 0.7332395828125 0.661049715625 0.7255017359375
0 0.6713110796875 0.7388420140624999 0.6787329546875001 0.7265677078125 0.67524005625 0.722565971875 0.66759943125 0.717762153125 0.6634517046874999 0.719097221875 0.6619232953124999 0.7276354171875 0.661049715625 0.7388420140624999 0.6673806812499999 0.741777778125 0.6713110796875 0.7388420140624999
0 0.6961988640625 0.71989756875 0.6983821015625 0.7081579859375 0.695106534375 0.701753471875 0.69117755625 0.70628993125 0.6852826703125 0.711359375 0.6815710234375 0.7118923609375 0.6774232953125 0.707090278125 0.67327556875 0.698284721875 0.6695639203125 0.69241493125 0.6654161937499999 0.696949653125 0.6647613640625 0.7169618062499999 0.6750227265625 0.72336631875 0.6817897734375 0.7230989578125 0.6961988640625 0.71989756875
2 0.65625 0.7375 0.665625 0.7421875 0.6640625 0.7515625 0.659375 0.7546875 0.65625 0.75 0.65625 0.7390625
2 0.428125 0.2234375 0.4359375 0.225 0.434375 0.2328125 0.4296875 0.23125 0.428125 0.225
2 0.8796875 0.7140625 0.884375 0.7171875 0.8875 0.7234375 0.8875 0.734375 0.884375 0.7375 0.8796875 0.734375 0.875 0.725 0.875 0.7171875 0.878125 0.715625
2 0.9265625 0.74375 0.928125 0.7453125 0.928125 0.7609375 0.925 0.765625 0.9203125 0.75625 0.921875 0.7453125 0.925 0.74375
2 0.5265625 0.496875 0.5296875 0.5 0.5296875 0.509375 0.5234375 0.5125 0.5265625 0.4984375
2 0.4734375 0.7546875 0.4765625 0.7578125 0.4765625 0.7625 0.4640625 0.7765625 0.45 0.7734375 0.4484375 0.771875 0.45 0.7640625 0.45625 0.7578125 0.465625 0.7578125 0.471875 0.7546875
2 0.459375 0.80625 0.4625 0.8109375 0.4625 0.8203125 0.4609375 0.828125 0.4578125 0.8296875 0.446875 0.8296875 0.4421875 0.8234375 0.440625 0.815625 0.440625 0.8109375 0.44375 0.80625 0.4578125 0.80625
3 0.665625 0.61875 0.66875 0.621875 0.6734375 0.6421875 0.6703125 0.6609375 0.6703125 0.6921875 0.6640625 0.7 0.6625 0.7109375 0.6546875 0.7125 0.6546875 0.7375 0.65625 0.7421875 0.6625 0.746875 0.6625 0.75 0.659375 0.753125 0.659375 0.7578125 0.6546875 0.7671875 0.6484375 0.790625 0.6484375 0.7984375 0.6390625 0.8171875 0.6375 0.828125 0.6328125 0.8359375 0.63125 0.8484375 0.6265625 0.8546875 0.625 0.8671875 0.6328125 0.884375 0.6328125 0.8984375 0.6296875 0.9 0.625 0.8984375 0.6234375 0.9078125 0.6203125 0.9109375 0.6125 0.909375 0.596875 0.8875 0.596875 0.8796875 0.6015625 0.8703125 0.603125 0.840625 0.609375 0.825 0.6046875 0.75625 0.609375 0.728125 0.6109375 0.69375 0.6203125 0.6640625 0.6203125 0.646875 0.625 0.6375 0.6390625 0.634375 0.65 0.621875 0.6578125 0.6171875 0.6640625 0.61875
3 0.4609375 0.2140625 0.4640625 0.2171875 0.465625 0.225 0.4640625 0.2328125 0.4671875 0.2421875 0.4671875 0.2859375 0.465625 0.2875 0.4671875 0.296875 0.465625 0.3015625 0.459375 0.30625 0.446875 0.30625 0.4453125 0.2984375 0.446875 0.296875 0.4484375 0.2640625 0.4375 0.253125 0.434375 0.2453125 0.4328125 0.2296875 0.4390625 0.2234375 0.44375 0.2265625 0.4484375 0.2265625 0.4515625 0.215625 0.45625 0.2125 0.459375 0.2140625
3 0.54375 0.378125 0.55 0.384375 0.55625 0.3984375 0.5546875 0.4328125 0.5578125 0.453125 0.5578125 0.4609375 0.5546875 0.4671875 0.55625 0.5046875 0.546875 0.5359375 0.55 0.584375 0.5484375 0.6 0.5453125 0.6046875 0.5453125 0.6140625 0.5359375 0.6125 0.5265625 0.6140625 0.525 0.615625 0.525 0.63125 0.521875 0.6328125 0.515625 0.6328125 0.509375 0.6359375 0.5 0.63125 0.5 0.6234375 0.5109375 0.615625 0.515625 0.5984375 0.515625 0.5578125 0.51875 0.5375 0.525 0.5203125 0.525 0.5 0.528125 0.49375 0.5265625 0.4578125 0.5328125 0.4359375 0.5375 0.43125 0.5375 0.4265625 0.53125 0.41875 0.5296875 0.3953125 0.534375 0.3828125 0.5421875 0.3796875
3 0 0.81875 0.0046875 0.8234375 0.00625 0.8328125 0.0125 0.8390625 0.015625 0.85 0.015625 0.8546875 0.0109375 0.85625 0.0046875 0.865625 0.0046875 0.89375 0.009375 0.9015625 0.0109375 0.9109375 0.0109375 0.9171875 0.009375 0.91875 0.0078125 0.9171875 0.003125 0.9015625 0 0.8984375 0 0.8203125
3 0.9078125 0.64375 0.9140625 0.646875 0.915625 0.65 0.9140625 0.6578125 0.915625 0.678125 0.9203125 0.6828125 0.928125 0.7125 0.9296875 0.7453125 0.9265625 0.7609375 0.925 0.7625 0.921875 0.7609375 0.9203125 0.753125 0.921875 0.7296875 0.915625 0.7203125 0.9078125 0.7296875 0.90625 0.7375 0.89375 0.734375 0.88125 0.7375 0.878125 0.7359375 0.875 0.7296875 0.8734375 0.734375 0.871875 0.73125 0.875 0.728125 0.8703125 0.7203125 0.86875 0.7125 0.8703125 0.7015625 0.8875 0.6671875 0.896875 0.665625 0.9046875 0.6578125 0.90625 0.6453125
3 0.7265625 0.659375 0.73125 0.6625 0.734375 0.6703125 0.734375 0.6921875 0.7328125 0.703125 0.725 0.7140625 0.725 0.7296875 0.7375 0.7421875 0.7421875 0.7546875 0.74375 0.7671875 0.7421875 0.809375 0.740625 0.8171875 0.734375 0.828125 0.7265625 0.8203125 0.721875 0.821875 0.721875 0.8328125 0.7125 0.871875 0.7015625 0.9015625 0.696875 0.90625 0.690625 0.9203125 0.6859375 0.9359375 0.6859375 0.9609375 0.6890625 0.9640625 0.6890625 0.975 0.6859375 0.9828125 0.671875 0.9953125 0.665625 0.99375 0.665625 0.978125 0.6703125 0.94375 0.6703125 0.928125 0.66875 0.9265625 0.665625 0.9265625 0.6609375 0.93125 0.6546875 0.94375 0.6515625 0.95625 0.6390625 0.98125 0.6359375 0.98125 0.63125 0.975 0.6296875 0.9609375 0.6328125 0.9453125 0.640625 0.9328125 0.64375 0.91875 0.6515625 0.903125 0.65 0.8609375 0.653125 0.8484375 0.659375 0.8359375 0.6640625 0.809375 0.6640625 0.8 0.6578125 0.796875 0.6546875 0.7890625 0.65625 0.771875 0.6609375 0.765625 0.6609375 0.7609375 0.6765625 0.7296875 0.6859375 0.721875 0.703125 0.721875 0.7046875 0.7203125 0.709375 0.6828125 0.7171875 0.6625 0.7203125 0.659375 0.725 0.659375
3 0.5125 0.2796875 0.51875 0.2796875 0.5234375 0.290625 0.521875 0.3125 0.5296875 0.3171875 0.5296875 0.321875 0.5359375 0.3296875 0.540625 0.346875 0.540625 0.3703125 0.5421875 0.371875 0.540625 0.375 0.5328125 0.375 0.5296875 0.384375 0.528125 0.3953125 0.5296875 0.4453125 0.5265625 0.4515625 0.5265625 0.4609375 0.5234375 0.459375 0.5203125 0.4328125 0.51875 0.43125 0.515625 0.434375 0.5125 0.4625 0.5140625 0.48125 0.5109375 0.4953125 0.5125 0.509375 0.509375 0.515625 0.50625 0.515625 0.503125 0.5078125 0.5046875 0.4984375 0.503125 0.4890625 0.5046875 0.3984375 0.5 0.390625 0.5015625 0.3703125 0.49375 0.3671875 0.4921875 0.3640625 0.4921875 0.3484375 0.4984375 0.3265625 0.509375 0.3140625 0.5078125 0.2921875 0.509375 0.284375 0.5125 0.28125
3 0.521875 0.6546875 0.5328125 0.653125 0.54375 0.6703125 0.5453125 0.725 0.5546875 0.7515625 0.5546875 0.7625 0.5515625 0.771875 0.5515625 0.8046875 0.553125 0.80625 0.5515625 0.834375 0.5484375 0.846875 0.5328125 0.8734375 0.5296875 0.884375 0.5296875 0.915625 0.5234375 0.9359375 0.5234375 0.9421875 0.5171875 0.953125 0.515625 0.975 0.5203125 0.9953125 0.5171875 0.9984375 0.496875 0.9984375 0.4953125 0.996875 0.4953125 0.99375 0.503125 0.9859375 0.503125 0.9671875 0.49375 0.934375 0.49375 0.9171875 0.5 0.8890625 0.5 0.8671875 0.496875 0.853125 0.496875 0.8390625 0.4921875 0.8375 0.490625 0.834375 0.490625 0.815625 0.496875 0.803125 0.4984375 0.7671875 0.49375 0.7625 0.4921875 0.765625 0.48125 0.76875 0.4765625 0.7625 0.4640625 0.775 0.4578125 0.775 0.45 0.7703125 0.453125 0.7609375 0.475 0.7546875 0.48125 0.746875 0.4953125 0.740625 0.503125 0.734375 0.509375 0.71875 0.509375 0.709375 0.515625 0.68125 0.515625 0.665625 0.521875 0.65625