0 0.41737784062500005 0.6112673609375 0.41364772656250004 0.6090520828125 0.41413494375 0.618206596875 0.41616193125 0.62117881875 0.41676988593750003 0.6162239578125 0.41737784062500005 0.6112673609375
0 0.1588664765625 0.9103506937500001 0.17200142031250001 0.921996528125 0.17725568125 0.9107534718749999 0.16077130625 0.8795052078125 0.1513139203125 0.8898732640624999 0.1516420453125 0.9015173609374999 0.1588664765625 0.9103506937500001
1 0.53125 0.746875 0.5375 0.746875 0.5421875 0.75625 0.5484375 0.7625 0.55 0.7921875 0.55625 0.81875 0.55625 0.8328125 0.54375 0.8515625 0.5328125 0.8515625 0.5234375 0.846875 0.51875 0.8484375 0.5140625 0.871875 0.5140625 0.884375 0.5125 0.8875 0.5109375 0.8859375 0.5125 0.871875 0.515625 0.8640625 0.515625 0.8375 0.51875 0.825 0.5234375 0.7640625 0.53125 0.7484375
1 0.1515625 0.934375 0.1609375 0.9328125 0.165625 0.934375 0.171875 0.9421875 0.18125 0.946875 0.1953125 0.9625 0.2 0.9625 0.20625 0.9515625 0.2171875 0.975 0.2171875 0.9890625 0.2109375 0.9984375 0.175 0.9984375 0.1625 0.9859375 0.1578125 0.978125 0.15625 0.9578125 0.1515625 0.9359375
2 0.496875 0.75625 0.496875 0.740625 0.5 0.7359375 0.5046875 0.74375 0.5046875 0.7625 0.5015625 0.7625 0.4984375 0.75625
2 0.421875 0.6015625 0.425 0.6015625 0.425 0.6140625 0.4203125 0.6265625 0.4171875 0.625 0.415625 0.6203125 0.4171875 0.6078125 0.421875 0.603125
2 0.453125 0.5921875 0.4671875 0.5890625 0.4671875 0.596875 0.4609375 0.6046875 0.4546875 0.6015625 0.453125 0.59375
2 0.546875 0.7296875 0.5515625 0.7328125 0.5515625 0.7421875 0.546875 0.7578125 0.5421875 0.75625 0.5375 0.746875 0.5375 0.740625 0.5453125 0.73125
3 0.5328125 0.5578125 0.540625 0.571875 0.5390625 0.603125 0.5609375 0.63125 0.565625 0.6484375 0.56875 0.7078125 0.553125 0.740625 0.553125 0.7578125 0.55 0.7609375 0.54375 0.7578125 0.5390625 0.746875 0.53125 0.7453125 0.5234375 0.759375 0.51875 0.7890625 0.515625 0.7875 0.509375 0.7703125 0.496875 0.7546875 0.496875 0.7390625 0.5 0.725 0.5015625 0.6984375 0.509375 0.6640625 0.5078125 0.6609375 0.5078125 0.621875 0.5125 0.6109375 0.5125 0.6015625 0.5078125 0.571875 0.515625 0.5625 0.515625 0.559375 0.5203125 0.55625 0.528125 0.5546875 0.53125 0.5578125
3 0.1703125 0.7609375 0.1859375 0.7796875 0.1859375 0.7859375 0.1921875 0.8 0.2015625 0.80625 0.203125 0.815625 0.215625 0.8421875 0.21875 0.86875 0.225 0.8953125 0.2328125 0.9140625 0.234375 0.9328125 0.2484375 0.9609375 0.2546875 0.96875 0.2671875 0.9984375 0.2328125 0.9984375 0.21875 0.978125 0.2171875 0.9671875 0.209375 0.953125 0.20625 0.95 0.2015625 0.959375 0.196875 0.9609375 0.1890625 0.9546875 0.184375 0.946875 0.178125 0.925 0.178125 0.9125 0.165625 0.8859375 0.1671875 0.8546875 0.1625 0.84375 0.1625 0.83125 0.15625 0.8125 0.15625 0.771875 0.1640625 0.7609375 0.16875 0.7609375
3 0.475 0.4921875 0.4828125 0.4953125 0.4953125 0.5203125 0.4921875 0.55625 0.484375 0.571875 0.4828125 0.6609375 0.478125 0.665625 0.4734375 0.6640625 0.4734375 0.6515625 0.478125 0.6296875 0.4765625 0.60625 0.4734375 0.59375 0.4703125 0.59375 0.4625 0.6046875 0.4578125 0.6046875 0.45 0.596875 0.446875 0.6 0.4359375 0.578125 0.43125 0.5828125 0.4265625 0.5953125 0.425 0.6140625 0.421875 0.621875 0.4203125 0.625 0.4171875 0.621875 0.4171875 0.6125 0.421875 0.5984375 0.4234375 0.575 0.4328125 0.5625 0.4390625 0.5453125 0.4484375 0.53125 0.45 0.5234375 0.453125 0.5203125 0.453125 0.5140625 0.4609375 0.4984375 0.46875 0.4921875 0.4734375 0.4921875