2 0.6046875 0.1796875 0.609375 0.18125 0.60625 0.1890625 0.6046875 0.18125
2 0.3875 0.7828125 0.39375 0.7921875 0.3921875 0.8015625 0.3875 0.80625 0.3796875 0.803125 0.3734375 0.79375 0.375 0.7890625 0.3859375 0.7828125
2 0.1703125 0.5578125 0.165625 0.5515625 0.165625 0.5421875 0.16875 0.540625 0.1734375 0.5453125 0.171875 0.55625
2 0.44375 0.8890625 0.4484375 0.89375 0.453125 0.89375 0.45625 0.8984375 0.45625 0.9171875 0.4546875 0.91875 0.4421875 0.9125 0.4390625 0.9078125 0.4375 0.8890625 0.4390625 0.8875 0.4421875 0.8890625
2 0.2 0.5171875 0.2046875 0.525 0.2015625 0.53125 0.2 0.528125 0.196875 0.528125 0.1953125 0.5234375 0.1953125 0.51875 0.1984375 0.5171875
2 0.3515625 0.7109375 0.35 0.7046875 0.3515625 0.7 0.35625 0.696875 0.359375 0.7 0.3609375 0.7078125 0.3578125 0.7140625 0.353125 0.7109375
2 0.3390625 0.66875 0.3421875 0.66875 0.346875 0.678125 0.3421875 0.6890625 0.3390625 0.6890625 0.3375 0.68125 0.3390625 0.6703125
2 0.621875 0.1828125 0.6265625 0.1828125 0.6265625 0.190625 0.6234375 0.1921875 0.6203125 0.1875 0.621875 0.184375
0 0.3889488640625 0.78166319375 0.3952769890625 0.7899166671875 0.395487215625 0.7899166671875 0.3978082390625 0.76386631875 0.395909090625 0.7532916671875001 0.395065340625 0.74142881875 0.38827414843749997 0.7412760421875 0.3796676140625 0.74555555625 0.37270738593749997 0.7527760421874999 0.36743465937500003 0.7682517359375 0.367012784375 0.777277778125 0.3809332390625 0.785015625 0.3815667609375 0.7726354171875001 0.3815667609375 0.7682517359375 0.38409801093749996 0.7692829859375 0.3864176140625 0.774184028125 0.3889488640625 0.78166319375
1 0.4875 0.90625 0.5 0.925 0.503125 0.925 0.5109375 0.9171875 0.5140625 0.915625 0.515625 0.9171875 0.5140625 0.9484375 0.5171875 0.959375 0.515625 0.9703125 0.5109375 0.975 0.5078125 0.975 0.5 0.9703125 0.5 0.9671875 0.4875 0.9578125 0.4765625 0.94375 0.475 0.940625 0.4765625 0.9375 0.49375 0.9296875 0.4875 0.9078125
3 0.61875 0.128125 0.621875 0.13125 0.6234375 0.1421875 0.6265625 0.14375 0.63125 0.153125 0.6359375 0.16875 0.63125 0.1890625 0.6296875 0.225 0.625 0.2234375 0.628125 0.1984375 0.621875 0.1953125 0.6203125 0.1921875 0.615625 0.1921875 0.609375 0.184375 0.60625 0.1875 0.6046875 0.1828125 0.609375 0.1453125 0.6140625 0.1296875 0.6171875 0.128125
3 0.425 0.7734375 0.43125 0.7703125 0.440625 0.771875 0.446875 0.7765625 0.4546875 0.7921875 0.465625 0.7921875 0.475 0.7953125 0.4796875 0.8015625 0.4828125 0.8140625 0.4828125 0.8375 0.490625 0.853125 0.4953125 0.8828125 0.4953125 0.896875 0.490625 0.9046875 0.490625 0.915625 0.49375 0.928125 0.48125 0.9359375 0.4765625 0.9359375 0.475 0.9390625 0.471875 0.9390625 0.4390625 0.9078125 0.4375 0.865625 0.4234375 0.8609375 0.41875 0.85 0.41875 0.8375 0.421875 0.834375 0.434375 0.8328125 0.434375 0.8265625 0.421875 0.8140625 0.4203125 0.80625 0.4203125 0.790625 0.425 0.775
3 0.1765625 0.4796875 0.1859375 0.4890625 0.1875 0.4953125 0.2 0.5125 0.2 0.5171875 0.203125 0.521875 0.203125 0.5265625 0.2 0.528125 0.1875 0.515625 0.1859375 0.5109375 0.1828125 0.509375 0.18125 0.5109375 0.18125 0.5234375 0.184375 0.534375 0.1765625 0.5484375 0.178125 0.55 0.1828125 0.5484375 0.1859375 0.55625 0.1828125 0.5640625 0.184375 0.5703125 0.18125 0.5796875 0.171875 0.56875 0.16875 0.559375 0.1578125 0.553125 0.1578125 0.54375 0.153125 0.5328125 0.1515625 0.5203125 0.1515625 0.503125 0.1546875 0.49375 0.153125 0.4671875 0.15625 0.459375 0.1625 0.4578125 0.165625 0.4609375 0.1703125 0.478125 0.175 0.4796875
3 0.43125 0.3640625 0.4421875 0.3859375 0.4421875 0.4 0.4390625 0.4046875 0.4390625 0.4421875 0.4375 0.44375 0.43125 0.440625 0.428125 0.44375 0.428125 0.459375 0.425 0.4703125 0.4203125 0.4765625 0.4203125 0.49375 0.425 0.503125 0.425 0.525 0.4265625 0.5265625 0.425 0.5359375 0.421875 0.5359375 0.41875 0.53125 0.41875 0.525 0.421875 0.51875 0.41875 0.5046875 0.41875 0.4765625 0.4046875 0.4265625 0.403125 0.3765625 0.409375 0.3640625 0.4078125 0.3609375 0.409375 0.3453125 0.415625 0.3359375 0.4203125 0.3359375 0.4234375 0.3390625 0.4265625 0.359375 0.4296875 0.3640625
3 0.409375 0.70625 0.4171875 0.7140625 0.4203125 0.73125 0.428125 0.740625 0.428125 0.75 0.43125 0.7578125 0.43125 0.7671875 0.421875 0.7765625 0.41875 0.790625 0.41875 0.8078125 0.4203125 0.815625 0.4328125 0.8265625 0.4328125 0.83125 0.41875 0.834375 0.415625 0.840625 0.415625 0.8484375 0.4234375 0.8625 0.4359375 0.865625 0.4375 0.8828125 0.434375 0.9015625 0.4234375 0.8953125 0.421875 0.890625 0.4109375 0.8828125 0.40625 0.8765625 0.4015625 0.85625 0.39375 0.8515625 0.39375 0.8390625 0.3875 0.809375 0.3828125 0.803125 0.375 0.7984375 0.3734375 0.7921875 0.3875 0.7828125 0.39375 0.790625 0.3984375 0.7859375 0.4 0.7625 0.3953125 0.740625 0.3953125 0.7171875 0.403125 0.7078125 0.4078125 0.70625
3 0.665625 0.8609375 0.6765625 0.871875 0.6796875 0.884375 0.696875 0.9015625 0.715625 0.9359375 0.7203125 0.959375 0.721875 0.9984375 0.6875 0.9984375 0.6859375 0.996875 0.68125 0.9984375 0.6171875 0.9984375 0.6109375 0.9953125 0.6171875 0.9765625 0.6203125 0.95 0.625 0.9375 0.6375 0.925 0.6375 0.9203125 0.640625 0.915625 0.6421875 0.903125 0.640625 0.9 0.64375 0.8828125 0.653125 0.865625 0.659375 0.8609375 0.6640625 0.8609375
3 0.9140625 0.23125 0.91875 0.2390625 0.91875 0.2453125 0.9125 0.2546875 0.9140625 0.30625 0.90625 0.321875 0.9015625 0.3796875 0.896875 0.4 0.89375 0.403125 0.8859375 0.39375 0.890625 0.325 0.88125 0.315625 0.88125 0.303125 0.890625 0.26875 0.8921875 0.25 0.8984375 0.2421875 0.9046875 0.240625 0.9078125 0.234375 0.9125 0.23125
3 0.35625 0.5515625 0.3625 0.5578125 0.3671875 0.5671875 0.3671875 0.5828125 0.3765625 0.590625 0.3765625 0.59375 0.3859375 0.6078125 0.3890625 0.64375 0.39375 0.6640625 0.39375 0.6796875 0.3921875 0.68125 0.39375 0.696875 0.3921875 0.728125 0.39375 0.73125 0.3921875 0.7375 0.3890625 0.740625 0.3796875 0.740625 0.3703125 0.75625 0.3625 0.7390625 0.3609375 0.715625 0.353125 0.7078125 0.359375 0.6953125 0.3578125 0.6453125 0.35625 0.64375 0.3515625 0.65 0.3421875 0.6703125 0.34375 0.6796875 0.3421875 0.6828125 0.3390625 0.6828125 0.340625 0.6734375 0.3390625 0.659375 0.34375 0.6453125 0.3453125 0.5984375 0.3359375 0.5796875 0.3359375 0.5671875 0.3390625 0.5578125 0.34375 0.553125 0.3546875 0.5515625
3 0.90625 0.15 0.9109375 0.1484375 0.9140625 0.153125 0.9171875 0.178125 0.9171875 0.1921875 0.9125 0.2 0.9125 0.209375 0.909375 0.2203125 0.9078125 0.2234375 0.903125 0.2203125 0.9015625 0.184375 0.9046875 0.1765625 0.90625 0.1515625