2 0.0265625 0.79375 0.0296875 0.7953125 0.034375 0.8046875 0.0328125 0.8125 0.0296875 0.8140625 0.0265625 0.8125 0.0203125 0.803125 0.025 0.7953125
2 0.515625 0.3671875 0.51875 0.3671875 0.521875 0.371875 0.521875 0.384375 0.51875 0.3875 0.51875 0.39375 0.5171875 0.3921875 0.5125 0.39375 0.515625 0.38125 0.515625 0.36875
2 0.040625 0.590625 0.04375 0.5921875 0.05 0.603125 0.0453125 0.615625 0.0390625 0.6125 0.0328125 0.6046875 0.034375 0.5953125 0.0390625 0.590625
2 0.5640625 0.5046875 0.5703125 0.50625 0.5703125 0.5125 0.5640625 0.51875 0.5640625 0.50625
2 0.515625 0.4921875 0.51875 0.4953125 0.51875 0.5078125 0.515625 0.5109375 0.5125 0.5078125 0.5125 0.49375 0.5140625 0.49375
2 0.4734375 0.36875 0.00703125 0.01875
1 0.5671875 0.55234375 0.01875 0.0796875
1 0.4890625 0.3109375 0.496875 0.3265625 0.496875 0.33125 0.490625 0.340625 0.490625 0.3453125 0.484375 0.3515625 0.4828125 0.365625 0.48125 0.3515625 0.484375 0.3484375 0.484375 0.3390625 0.490625 0.328125 0.4890625 0.3125
1 0.515625 0.3828125 0.51875 0.3859375 0.521875 0.4 0.521875 0.4125 0.51875 0.4203125 0.515625 0.4453125 0.5125 0.446875 0.5078125 0.4390625 0.5078125 0.4109375 0.509375 0.4 0.515625 0.384375
3 0.521875 0.2578125 0.525 0.25625 0.53125 0.2578125 0.5328125 0.28125 0.540625 0.2890625 0.5453125 0.3015625 0.5453125 0.3515625 0.5328125 0.3671875 0.5328125 0.384375 0.5296875 0.4015625 0.525 0.403125 0.521875 0.4 0.5234375 0.371875 0.51875 0.3484375 0.51875 0.325 0.515625 0.315625 0.515625 0.2984375 0.5234375 0.284375 0.5203125 0.275 0.521875 0.259375
3 0.5015625 0.271875 0.50625 0.278125 0.5140625 0.30625 0.5171875 0.35 0.5203125 0.3609375 0.51875 0.3828125 0.515625 0.378125 0.5140625 0.3796875 0.50625 0.4078125 0.5015625 0.471875 0.496875 0.4703125 0.4953125 0.45 0.490625 0.440625 0.4890625 0.39375 0.484375 0.375 0.484375 0.365625 0.48125 0.359375 0.4765625 0.3640625 0.4734375 0.378125 0.4703125 0.3703125 0.4734375 0.3421875 0.478125 0.3234375 0.484375 0.3078125 0.4890625 0.303125 0.49375 0.2859375 0.49375 0.2765625 0.4953125 0.2734375 0.5 0.271875
3 0.5421875 0.3578125 0.5453125 0.3578125 0.5515625 0.36875 0.55 0.39375 0.55625 0.4 0.5609375 0.4015625 0.56875 0.41875 0.5703125 0.4609375 0.571875 0.4625 0.571875 0.503125 0.5640625 0.5109375 0.5640625 0.515625 0.5609375 0.5203125 0.5578125 0.5734375 0.5546875 0.5953125 0.5515625 0.6015625 0.5515625 0.625 0.5453125 0.625 0.5453125 0.621875 0.5390625 0.615625 0.534375 0.6140625 0.53125 0.5515625 0.525 0.5171875 0.525 0.478125 0.5234375 0.4765625 0.5203125 0.4796875 0.5203125 0.5015625 0.5171875 0.509375 0.5125 0.50625 0.5125 0.49375 0.515625 0.4703125 0.515625 0.4484375 0.521875 0.415625 0.534375 0.396875 0.534375 0.3671875 0.5421875 0.359375
3 0.084375 0.540625 0.090625 0.5546875 0.090625 0.5640625 0.10625 0.571875 0.1140625 0.58125 0.1265625 0.590625 0.1296875 0.5984375 0.128125 0.609375 0.1234375 0.6140625 0.11875 0.6140625 0.115625 0.6171875 0.115625 0.6359375 0.121875 0.6640625 0.11875 0.7 0.1234375 0.725 0.1234375 0.7375 0.128125 0.7484375 0.140625 0.8078125 0.140625 0.821875 0.1375 0.825 0.1296875 0.81875 0.13125 0.790625 0.125 0.7734375 0.125 0.7546875 0.121875 0.7421875 0.1140625 0.73125 0.10625 0.7296875 0.103125 0.7265625 0.1015625 0.715625 0.0953125 0.7046875 0.09375 0.6953125 0.084375 0.671875 0.0828125 0.6578125 0.0796875 0.653125 0.075 0.653125 0.0734375 0.65625 0.0640625 0.659375 0.059375 0.65625 0.05 0.640625 0.05 0.634375 0.046875 0.628125 0.046875 0.615625 0.0390625 0.6109375 0.034375 0.603125 0.0359375 0.5953125 0.0390625 0.5953125 0.040625 0.5921875 0.0484375 0.603125 0.05625 0.6078125 0.0609375 0.621875 0.0609375 0.6296875 0.0640625 0.6328125 0.0671875 0.6296875 0.0765625 0.596875 0.0765625 0.5890625 0.06875 0.578125 0.0671875 0.5578125 0.0703125 0.54375 0.0765625 0.5390625 0.0828125 0.540625
3 0 0.778125 0.0125 0.7953125 0.0140625 0.8015625 0.0234375 0.80625 0.0265625 0.8171875 0.025 0.8484375 0.034375 0.8703125 0.0359375 0.8890625 0.0453125 0.9171875 0.046875 0.940625 0.05 0.9484375 0.059375 0.953125 0.0625 0.9609375 0.0609375 0.9703125 0.0578125 0.975 0.0546875 0.978125 0.0484375 0.978125 0.046875 0.9625 0.0375 0.940625 0.0359375 0.9390625 0.034375 0.940625 0.0328125 0.9484375 0.0375 0.975 0.0390625 0.9796875 0.0453125 0.9828125 0.0484375 0.9953125 0.046875 0.9984375 0.0359375 0.9984375 0.03125 0.99375 0.0265625 0.9734375 0.025 0.9484375 0.021875 0.94375 0.021875 0.934375 0.015625 0.909375 0.009375 0.9015625 0 0.896875 0 0.7796875