1 0.26875 0.746875 0.2796875 0.7625 0.2796875 0.765625 0.2859375 0.771875 0.29375 0.790625 0.29375 0.8046875 0.2890625 0.8125 0.284375 0.8171875 0.28125 0.8171875 0.2703125 0.796875 0.265625 0.7703125 0.2671875 0.7484375
1 0.89375 0.834375 0.89375 0.8453125 0.890625 0.85 0.8875 0.8765625 0.884375 0.88125 0.8828125 0.8953125 0.8796875 0.9015625 0.878125 0.925 0.8734375 0.9421875 0.8625 0.94375 0.846875 0.928125 0.85 0.90625 0.85625 0.8953125 0.8578125 0.9078125 0.8640625 0.915625 0.8703125 0.9171875 0.875 0.9125 0.8796875 0.8921875 0.8796875 0.8828125 0.890625 0.8515625 0.890625 0.840625 0.89375 0.8359375
2 0.1234375 0.7609375 0.1265625 0.7671875 0.1265625 0.7734375 0.121875 0.7828125 0.1171875 0.78125 0.115625 0.7765625 0.115625 0.7671875 0.121875 0.7609375
2 0.109375 0.8296875 0.115625 0.834375 0.115625 0.846875 0.10625 0.8484375 0.1046875 0.834375 0.1078125 0.83125
2 0.8484375 0.8203125 0.853125 0.8203125 0.85625 0.8234375 0.8578125 0.83125 0.85625 0.84375 0.85 0.840625 0.846875 0.8375 0.8484375 0.821875
2 0.2375 0.7296875 0.2390625 0.7390625 0.2359375 0.7515625 0.2328125 0.7578125 0.2234375 0.7671875 0.21875 0.765625 0.21875 0.753125 0.2296875 0.73125 0.2328125 0.728125 0.2359375 0.7296875
2 0.0890625 0.80625 0.0875 0.7984375 0.090625 0.790625 0.0953125 0.7953125 0.096875 0.8015625 0.09375 0.8078125 0.090625 0.80625
2 0.840625 0.7625 0.85 0.771875 0.8484375 0.78125 0.8453125 0.78125 0.8421875 0.7765625 0.8375 0.775 0.83125 0.76875 0.8328125 0.7609375 0.8390625 0.7625
3 0.203125 0.4359375 0.2078125 0.4359375 0.209375 0.4390625 0.2140625 0.4359375 0.215625 0.4390625 0.21875 0.4390625 0.2171875 0.45625 0.2203125 0.471875 0.2203125 0.4953125 0.2234375 0.5078125 0.2234375 0.5234375 0.228125 0.5390625 0.2328125 0.571875 0.2328125 0.6125 0.2171875 0.63125 0.2109375 0.6328125 0.2015625 0.63125 0.203125 0.6234375 0.2125 0.6140625 0.2125 0.5953125 0.20625 0.571875 0.203125 0.509375 0.1953125 0.5015625 0.196875 0.453125 0.2 0.4390625 0.203125 0.4375
3 0.165625 0.921875 0.1703125 0.921875 0.171875 0.925 0.1765625 0.925 0.184375 0.93125 0.190625 0.9515625 0.19375 0.971875 0.1921875 0.9875 0.1859375 0.9984375 0.1421875 0.9984375 0.14375 0.98125 0.1546875 0.9671875 0.1515625 0.9515625 0.153125 0.934375 0.159375 0.925 0.165625 0.9234375
3 0.2421875 0.6578125 0.2484375 0.665625 0.2484375 0.671875 0.2546875 0.6828125 0.25625 0.69375 0.2640625 0.7125 0.265625 0.784375 0.26875 0.796875 0.2765625 0.8109375 0.2765625 0.83125 0.2734375 0.846875 0.2765625 0.8765625 0.2859375 0.8890625 0.2859375 0.8953125 0.2953125 0.9125 0.2953125 0.9171875 0.3046875 0.9390625 0.3109375 0.9484375 0.3109375 0.9703125 0.2984375 0.9765625 0.2921875 0.9765625 0.284375 0.971875 0.2828125 0.965625 0.2890625 0.9609375 0.2890625 0.953125 0.2796875 0.9328125 0.275 0.9375 0.275 0.940625 0.2640625 0.9453125 0.2546875 0.946875 0.25 0.94375 0.2515625 0.90625 0.253125 0.9046875 0.2765625 0.9046875 0.28125 0.9015625 0.2796875 0.8890625 0.2671875 0.859375 0.2640625 0.81875 0.2515625 0.8125 0.2453125 0.815625 0.2390625 0.8046875 0.2375 0.7921875 0.2328125 0.79375 0.2328125 0.8 0.2234375 0.8078125 0.2203125 0.8140625 0.2140625 0.8171875 0.2078125 0.8140625 0.209375 0.7828125 0.215625 0.76875 0.21875 0.753125 0.2296875 0.7359375 0.2296875 0.7328125 0.234375 0.728125 0.234375 0.7203125 0.23125 0.71875 0.2234375 0.70625 0.2234375 0.68125 0.2203125 0.6671875 0.2296875 0.6578125 0.240625 0.6578125
3 0.5078125 0.190625 0.5140625 0.1953125 0.515625 0.203125 0.5234375 0.2109375 0.5296875 0.2296875 0.53125 0.2453125 0.525 0.2828125 0.525 0.303125 0.5265625 0.3046875 0.5265625 0.3296875 0.525 0.33125 0.5171875 0.33125 0.5125 0.328125 0.5125 0.3171875 0.51875 0.31875 0.521875 0.3109375 0.5171875 0.2859375 0.5171875 0.25 0.515625 0.24375 0.50625 0.2328125 0.5078125 0.2171875 0.5 0.20625 0.5 0.196875 0.50625 0.190625
3 0.1234375 0.690625 0.134375 0.7 0.1421875 0.728125 0.1546875 0.7296875 0.1609375 0.75 0.16875 0.7625 0.1703125 0.775 0.175 0.7875 0.1859375 0.809375 0.1875 0.81875 0.1859375 0.8625 0.190625 0.871875 0.1953125 0.8921875 0.2015625 0.9046875 0.2015625 0.9140625 0.209375 0.9328125 0.2109375 0.946875 0.2171875 0.959375 0.2171875 0.978125 0.2 0.9890625 0.1953125 0.9875 0.19375 0.98125 0.1953125 0.9609375 0.190625 0.9453125 0.1875 0.9421875 0.1875 0.934375 0.184375 0.928125 0.175 0.9234375 0.171875 0.91875 0.1640625 0.8921875 0.1640625 0.8859375 0.1515625 0.875 0.146875 0.8625 0.140625 0.85625 0.1390625 0.859375 0.134375 0.859375 0.1328125 0.85625 0.128125 0.85625 0.1203125 0.85 0.10625 0.8453125 0.10625 0.834375 0.109375 0.83125 0.1265625 0.83125 0.13125 0.825 0.1296875 0.778125 0.1265625 0.771875 0.1203125 0.7734375 0.1234375 0.7515625 0.115625 0.7375 0.109375 0.7140625 0.1109375 0.696875 0.115625 0.6921875 0.121875 0.690625
3 0.89375 0.7171875 0.8984375 0.715625 0.9046875 0.721875 0.909375 0.7359375 0.909375 0.7515625 0.9046875 0.7703125 0.9046875 0.7875 0.8984375 0.8078125 0.8953125 0.8296875 0.8890625 0.85 0.884375 0.85625 0.8828125 0.878125 0.8734375 0.9203125 0.8734375 0.9390625 0.859375 0.946875 0.8578125 0.9578125 0.8484375 0.9765625 0.846875 0.9921875 0.840625 0.9953125 0.828125 0.990625 0.825 0.9875 0.8234375 0.978125 0.825 0.975 0.83125 0.9734375 0.8359375 0.975 0.840625 0.971875 0.8484375 0.93125 0.834375 0.9109375 0.83125 0.9109375 0.8203125 0.921875 0.8171875 0.928125 0.8140625 0.9296875 0.8125 0.928125 0.8125 0.921875 0.8203125 0.90625 0.828125 0.896875 0.83125 0.884375 0.8578125 0.85 0.8546875 0.8421875 0.8484375 0.8375 0.8484375 0.8234375 0.8578125 0.8171875 0.8609375 0.7984375 0.859375 0.79375 0.846875 0.7796875 0.8375 0.7734375 0.8328125 0.7671875 0.834375 0.7640625 0.8390625 0.7640625 0.840625 0.7671875 0.853125 0.7734375 0.865625 0.771875 0.871875 0.765625 0.8796875 0.7515625 0.884375 0.7390625 0.884375 0.7328125 0.89375 0.71875
3 0.0953125 0.684375 0.1046875 0.7 0.1078125 0.709375 0.1078125 0.7203125 0.1203125 0.7546875 0.1203125 0.759375 0.115625 0.76875 0.115625 0.7765625 0.1203125 0.7859375 0.11875 0.8140625 0.115625 0.821875 0.1125 0.821875 0.0984375 0.8046875 0.0921875 0.803125 0.090625 0.7859375 0.0828125 0.765625 0.0828125 0.74375 0.08125 0.7421875 0.0828125 0.7140625 0.075 0.7046875 0.0671875 0.6796875 0.06875 0.6640625 0.0734375 0.659375 0.08125 0.659375 0.0875 0.6625 0.0921875 0.6734375 0.09375 0.684375