1 0.146875 0.925 0.1546875 0.9328125 0.1546875 0.9390625 0.1609375 0.95625 0.1609375 0.9640625 0.1546875 0.978125 0.1515625 0.98125 0.140625 0.98125 0.1328125 0.9734375 0.125 0.9515625 0.125 0.9484375 0.134375 0.95 0.140625 0.9453125 0.14375 0.9265625 0.1453125 0.9265625
1 0.1828125 0.5390625 0.1859375 0.54375 0.1859375 0.5546875 0.190625 0.5703125 0.1953125 0.575 0.196875 0.58125 0.2015625 0.5859375 0.2046875 0.596875 0.2109375 0.6046875 0.2109375 0.6140625 0.2015625 0.625 0.1921875 0.6125 0.190625 0.596875 0.1921875 0.5859375 0.190625 0.5765625 0.1875 0.571875 0.1859375 0.5546875 0.1828125 0.55 0.1828125 0.540625
1 0.1546875 0.6125 0.1609375 0.615625 0.1640625 0.6296875 0.1640625 0.6484375 0.159375 0.671875 0.1578125 0.6734375 0.15625 0.671875 0.15625 0.6640625 0.1515625 0.653125 0.15 0.6421875 0.15 0.628125 0.153125 0.6140625
2 0.2984375 0.9015625 0.3015625 0.9203125 0.3 0.925 0.2953125 0.928125 0.290625 0.928125 0.2875 0.925 0.2875 0.909375 0.2921875 0.9015625 0.296875 0.9015625
2 0.146875 0.8953125 0.15 0.8984375 0.153125 0.909375 0.15 0.9171875 0.146875 0.9171875 0.146875 0.9140625 0.1421875 0.909375 0.140625 0.8984375 0.1453125 0.8953125
2 0.240625 0.896875 0.2484375 0.9015625 0.2484375 0.9234375 0.246875 0.925 0.240625 0.9234375 0.23125 0.909375 0.23125 0.903125 0.2390625 0.8984375
2 0.115625 0.95625 0.1203125 0.959375 0.121875 0.96875 0.11875 0.9875 0.1171875 0.9890625 0.1140625 0.9859375 0.1109375 0.971875 0.1109375 0.9609375 0.1140625 0.9578125
2 0.84375 0.9625 0.85 0.959375 0.8515625 0.965625 0.85 0.9734375 0.84375 0.9765625 0.8421875 0.975 0.84375 0.9640625
3 0.1578125 0.6671875 0.1515625 0.634375 0.1546875 0.6171875 0.146875 0.6046875 0.1453125 0.596875 0.1484375 0.5640625 0.1578125 0.5359375 0.15625 0.503125 0.1578125 0.4984375 0.1671875 0.4921875 0.1703125 0.4953125 0.171875 0.50625 0.1765625 0.5140625 0.178125 0.5234375 0.1828125 0.528125 0.1984375 0.559375 0.1984375 0.56875 0.1953125 0.575 0.1953125 0.5859375 0.1921875 0.596875 0.1921875 0.6125 0.2 0.6265625 0.209375 0.690625 0.2140625 0.7 0.2140625 0.7125 0.2109375 0.71875 0.2078125 0.7203125 0.20625 0.7203125 0.203125 0.70625 0.2 0.703125 0.196875 0.70625 0.2 0.721875 0.1984375 0.7296875 0.1828125 0.725 0.1765625 0.7046875 0.171875 0.678125 0.171875 0.6640625 0.1671875 0.6484375 0.1640625 0.6453125 0.1609375 0.646875 0.1609375 0.659375 0.1578125 0.665625
3 0.103125 0.7953125 0.10625 0.7953125 0.1171875 0.809375 0.121875 0.8203125 0.1328125 0.8296875 0.15 0.865625 0.1484375 0.896875 0.1515625 0.9046875 0.1515625 0.915625 0.1484375 0.9234375 0.14375 0.928125 0.1421875 0.94375 0.134375 0.9515625 0.1328125 0.95 0.128125 0.9515625 0.128125 0.9609375 0.134375 0.96875 0.1390625 0.9796875 0.14375 0.9828125 0.1484375 0.9828125 0.1546875 0.978125 0.1609375 0.9625 0.1640625 0.9671875 0.1671875 0.9828125 0.1671875 0.9984375 0.1421875 0.9984375 0.1375 0.984375 0.13125 0.9765625 0.1296875 0.96875 0.1265625 0.965625 0.1234375 0.9640625 0.121875 0.965625 0.1203125 0.98125 0.115625 0.9828125 0.1140625 0.9796875 0.109375 0.9515625 0.09375 0.9125 0.09375 0.884375 0.096875 0.878125 0.09375 0.8703125 0.09375 0.8546875 0.0984375 0.84375 0.0984375 0.834375 0.0953125 0.828125 0.0953125 0.809375 0.103125 0.796875
3 0.040625 0.8671875 0.0421875 0.875 0.0359375 0.8859375 0.03125 0.8828125 0.0296875 0.878125 0.025 0.8765625 0.021875 0.8609375 0.015625 0.846875 0.015625 0.840625 0.0109375 0.83125 0.003125 0.7921875 0 0.7890625 0 0.7109375 0.0078125 0.7 0.0140625 0.7015625 0.0140625 0.7140625 0.0109375 0.7171875 0.0109375 0.725 0.0140625 0.7390625 0.021875 0.753125 0.021875 0.7703125 0.01875 0.778125 0.0203125 0.8 0.0265625 0.8328125 0.0296875 0.8375 0.0296875 0.84375 0.034375 0.8484375 0.0359375 0.8640625 0.0390625 0.8671875
3 0.871875 0.728125 0.878125 0.740625 0.878125 0.7578125 0.8765625 0.76875 0.8671875 0.784375 0.8671875 0.79375 0.8625 0.8046875 0.86875 0.83125 0.86875 0.846875 0.8625 0.871875 0.8625 0.8859375 0.8578125 0.896875 0.8578125 0.9125 0.8546875 0.9203125 0.85 0.9703125 0.8453125 0.975 0.8390625 0.975 0.8359375 0.978125 0.821875 0.9828125 0.8203125 0.9859375 0.8125 0.9875 0.8125 0.9796875 0.8265625 0.9609375 0.828125 0.9546875 0.8265625 0.9421875 0.821875 0.9390625 0.8140625 0.95 0.8109375 0.9640625 0.796875 0.9984375 0.784375 0.9984375 0.784375 0.990625 0.790625 0.96875 0.796875 0.9578125 0.796875 0.9515625 0.8015625 0.9390625 0.803125 0.91875 0.809375 0.903125 0.8125 0.8703125 0.8171875 0.85625 0.8171875 0.8453125 0.8125 0.8359375 0.8125 0.8078125 0.834375 0.7765625 0.840625 0.775 0.8453125 0.778125 0.853125 0.771875 0.8546875 0.75625 0.8609375 0.7328125 0.8703125 0.728125
3 0.2453125 0.7546875 0.2640625 0.7765625 0.2640625 0.78125 0.2734375 0.8046875 0.2765625 0.809375 0.2796875 0.809375 0.2796875 0.815625 0.2953125 0.8625 0.2953125 0.8796875 0.3 0.903125 0.3 0.9234375 0.296875 0.9265625 0.271875 0.9234375 0.271875 0.91875 0.2625 0.903125 0.25 0.903125 0.246875 0.909375 0.246875 0.91875 0.240625 0.9203125 0.2359375 0.915625 0.2359375 0.9125 0.2296875 0.9078125 0.225 0.89375 0.2140625 0.875 0.2125 0.8625 0.2203125 0.821875 0.2203125 0.8109375 0.2296875 0.79375 0.23125 0.7765625 0.234375 0.7671875 0.24375 0.75625
3 0.2453125 0.7546875 0.2640625 0.7765625 0.2640625 0.78125 0.26875 0.7890625 0.2734375 0.8046875 0.2796875 0.809375 0.2796875 0.815625 0.2953125 0.8625 0.2953125 0.8796875 0.3015625 0.9125 0.3 0.925 0.2953125 0.928125 0.290625 0.9265625 0.275 0.928125 0.2703125 0.925 0.265625 0.909375 0.2515625 0.903125 0.2484375 0.90625 0.2484375 0.9203125 0.246875 0.9234375 0.2421875 0.9234375 0.240625 0.9203125 0.234375 0.9171875 0.234375 0.9125 0.2265625 0.903125 0.2234375 0.890625 0.2140625 0.875 0.2125 0.8609375 0.2203125 0.821875 0.2203125 0.8109375 0.2296875 0.79375 0.23125 0.7765625 0.234375 0.7671875 0.24375 0.75625