0 0.64625994375 0.736234375 0.65741193125 0.7331562500000001 0.6592102265625 0.721284721875 0.6628082390625 0.71556944375 0.6680241484375 0.7210642359375 0.670362215625 0.710953125 0.667484375 0.7074357640625 0.65741193125 0.70325868125 0.6466207390625 0.7054565968750001 0.64625994375 0.736234375
0 0.6919460234375 0.721284721875 0.6872698859375 0.7124913187499999 0.682234375 0.7069947921875 0.678455965625 0.7069947921875 0.6701832390625 0.70655555625 0.6680241484375 0.70633506875 0.6705426140624999 0.7146892359375 0.6665852265625001 0.7230434031249999 0.6669446015625 0.727440971875 0.6714417609375001 0.7228229171875 0.6919460234375 0.721284721875
1 0.54375 0.446875 0.546875 0.4484375 0.546875 0.4609375 0.5515625 0.478125 0.55 0.509375 0.5484375 0.5125 0.5453125 0.5125 0.5421875 0.5078125 0.54375 0.4484375
1 0.528125 0.2484375 0.5296875 0.2484375 0.53125 0.2671875 0.5359375 0.275 0.5359375 0.3015625 0.534375 0.30625 0.5265625 0.3140625 0.51875 0.315625 0.5171875 0.3125 0.515625 0.2796875 0.51875 0.271875 0.51875 0.2640625 0.5125 0.2546875 0.5125 0.25 0.5140625 0.25 0.5171875 0.2546875 0.525 0.2578125 0.528125 0.25
1 0.453125 0.5578125 0.459375 0.5671875 0.4609375 0.6 0.4453125 0.6140625 0.4421875 0.6140625 0.434375 0.6046875 0.4375 0.5765625 0.440625 0.5671875 0.44375 0.5609375 0.4515625 0.559375
1 0.009375 0.8390625 0.0125 0.8421875 0.0140625 0.85 0.0265625 0.8578125 0.0296875 0.8671875 0.0296875 0.8828125 0.0375 0.9 0.0390625 0.9109375 0.0296875 0.9328125 0.028125 0.9453125 0.0203125 0.9453125 0.015625 0.940625 0.015625 0.93125 0.0109375 0.9140625 0.0125 0.909375 0.0109375 0.9 0.00625 0.8875 0.0078125 0.8625 0.0046875 0.840625 0.0078125 0.8390625
1 0.446875 0.8625 0.4515625 0.8640625 0.453125 0.8703125 0.453125 0.8890625 0.45625 0.903125 0.45625 0.93125 0.45 0.9390625 0.44375 0.9421875 0.4328125 0.9421875 0.428125 0.9390625 0.4234375 0.93125 0.421875 0.9140625 0.425 0.8984375 0.4328125 0.88125 0.434375 0.8703125 0.4375 0.8640625 0.4453125 0.8625
2 0.515625 0.5734375 0.5171875 0.575 0.5171875 0.5953125 0.5140625 0.5984375 0.5109375 0.5984375 0.5078125 0.59375 0.5078125 0.58125 0.509375 0.5765625 0.5140625 0.5734375
2 0.675 0.709375 0.678125 0.7140625 0.6765625 0.71875 0.6703125 0.725 0.66875 0.734375 0.6640625 0.7390625 0.659375 0.7375 0.659375 0.7265625 0.6625 0.7140625 0.665625 0.709375 0.6734375 0.709375
2 0.8703125 0.8453125 0.8734375 0.8453125 0.8734375 0.8671875 0.86875 0.8671875 0.865625 0.8625 0.865625 0.8515625 0.8703125 0.846875
2 0.4359375 0.253125 0.44375 0.25625 0.4390625 0.2609375 0.4359375 0.2546875
2 0.425 0.2375 0.428125 0.240625 0.428125 0.2453125 0.4234375 0.2484375 0.4234375 0.2390625
2 0.9109375 0.9140625 0.9171875 0.91875 0.9109375 0.9328125 0.90625 0.934375 0.903125 0.9296875 0.903125 0.9171875 0.909375 0.915625
3 0.51875 0.2203125 0.5234375 0.228125 0.5234375 0.24375 0.5296875 0.2484375 0.53125 0.2609375 0.53125 0.2671875 0.525 0.26875 0.521875 0.275 0.5296875 0.2828125 0.5328125 0.2828125 0.534375 0.2875 0.5296875 0.33125 0.5296875 0.3546875 0.5265625 0.3609375 0.5203125 0.359375 0.51875 0.35625 0.5140625 0.3625 0.5140625 0.378125 0.5125 0.3796875 0.5140625 0.4 0.50625 0.3953125 0.50625 0.3890625 0.509375 0.384375 0.5078125 0.3046875 0.50625 0.3 0.5 0.29375 0.5 0.275 0.503125 0.2609375 0.5125 0.2515625 0.5109375 0.225 0.5125 0.221875 0.5171875 0.2203125
3 0.45625 0.2140625 0.4609375 0.215625 0.4640625 0.2203125 0.4640625 0.2390625 0.4671875 0.2453125 0.4671875 0.2734375 0.46875 0.275 0.4671875 0.303125 0.465625 0.3046875 0.4484375 0.3046875 0.446875 0.303125 0.446875 0.278125 0.4421875 0.2734375 0.4375 0.25625 0.4296875 0.24375 0.434375 0.2390625 0.44375 0.2421875 0.4515625 0.2390625 0.453125 0.2359375 0.4515625 0.2171875 0.4546875 0.215625
3 0 0.7796875 0.0046875 0.7890625 0.0046875 0.80625 0.021875 0.8453125 0.021875 0.853125 0.01875 0.8546875 0.0109375 0.846875 0.00625 0.85 0.00625 0.865625 0.0078125 0.8671875 0.00625 0.8890625 0.0109375 0.9 0.0125 0.9265625 0.0125 0.921875 0.00625 0.9109375 0.003125 0.8953125 0 0.89375 0 0.78125
3 0.659375 0.60625 0.66875 0.6171875 0.6703125 0.6234375 0.6703125 0.6421875 0.6640625 0.6625 0.6703125 0.6828125 0.6703125 0.690625 0.678125 0.7046875 0.671875 0.7171875 0.6671875 0.734375 0.6625 0.740625 0.6609375 0.75 0.65625 0.75625 0.6546875 0.76875 0.65 0.778125 0.6453125 0.8 0.640625 0.8078125 0.6390625 0.81875 0.63125 0.8390625 0.63125 0.846875 0.6265625 0.8546875 0.625 0.865625 0.6328125 0.884375 0.6328125 0.896875 0.6296875 0.9 0.628125 0.8984375 0.6234375 0.9 0.621875 0.909375 0.6125 0.909375 0.5953125 0.884375 0.603125 0.8671875 0.603125 0.853125 0.6109375 0.83125 0.609375 0.8 0.6046875 0.78125 0.6046875 0.753125 0.609375 0.7265625 0.6109375 0.6953125 0.61875 0.66875 0.61875 0.6453125 0.621875 0.6390625 0.625 0.6359375 0.6359375 0.6328125 0.640625 0.6265625 0.640625 0.6203125 0.65 0.6078125 0.6578125 0.60625
3 0.9109375 0.7765625 0.915625 0.7796875 0.9171875 0.7859375 0.9125 0.809375 0.9203125 0.821875 0.9265625 0.8875 0.9203125 0.9171875 0.909375 0.9328125 0.90625 0.9328125 0.9015625 0.925 0.903125 0.9171875 0.9109375 0.9109375 0.9109375 0.9046875 0.915625 0.8953125 0.9140625 0.8828125 0.9109375 0.88125 0.9078125 0.884375 0.9046875 0.9015625 0.9015625 0.903125 0.8953125 0.890625 0.88125 0.8734375 0.865625 0.8625 0.8625 0.85 0.8640625 0.840625 0.8765625 0.8109375 0.8828125 0.803125 0.8953125 0.796875 0.9 0.7890625 0.9015625 0.7796875 0.9046875 0.7765625 0.909375 0.7765625
3 0.5125 0.590625 0.5109375 0.56875 0.5078125 0.565625 0.50625 0.5578125 0.5046875 0.55625 0.5015625 0.559375 0.4984375 0.56875 0.4984375 0.5796875 0.490625 0.6 0.4890625 0.625 0.4828125 0.64375 0.4828125 0.6875 0.4875 0.715625 0.484375 0.721875 0.4796875 0.721875 0.475 0.715625 0.4765625 0.6984375 0.46875 0.66875 0.4640625 0.6015625 0.4609375 0.59375 0.4609375 0.5671875 0.4546875 0.5578125 0.45625 0.5453125 0.4515625 0.5375 0.4515625 0.5265625 0.4546875 0.496875 0.459375 0.4859375 0.4625 0.4625 0.46875 0.446875 0.4703125 0.4328125 0.478125 0.4234375 0.4828125 0.4234375 0.4890625 0.4328125 0.4984375 0.46875 0.4984375 0.4765625 0.5078125 0.4984375 0.515625 0.5484375 0.515625 0.5875 0.5140625 0.590625
3 0.525 0.3609375 0.5296875 0.3671875 0.53125 0.378125 0.5375 0.384375 0.5375 0.396875 0.540625 0.403125 0.54375 0.4046875 0.5515625 0.43125 0.5515625 0.44375 0.54375 0.453125 0.5421875 0.4609375 0.5421875 0.5046875 0.5375 0.51875 0.5375 0.5375 0.540625 0.55 0.540625 0.584375 0.5453125 0.5984375 0.5453125 0.60625 0.5328125 0.6125 0.5265625 0.6125 0.521875 0.609375 0.521875 0.603125 0.5296875 0.596875 0.5296875 0.590625 0.525 0.584375 0.5234375 0.540625 0.521875 0.5390625 0.515625 0.5421875 0.515625 0.528125 0.5078125 0.490625 0.509375 0.478125 0.503125 0.4703125 0.503125 0.4515625 0.5078125 0.4234375 0.5171875 0.403125 0.515625 0.3640625 0.51875 0.3609375 0.5234375 0.3609375
3 0.7203125 0.6609375 0.7296875 0.6703125 0.7296875 0.6890625 0.7265625 0.70625 0.71875 0.721875 0.71875 0.734375 0.7234375 0.740625 0.7328125 0.7453125 0.7375 0.7578125 0.7421875 0.784375 0.7421875 0.8125 0.734375 0.8203125 0.7296875 0.815625 0.721875 0.8171875 0.7171875 0.8421875 0.7171875 0.853125 0.7109375 0.8703125 0.70625 0.8984375 0.6875 0.9296875 0.6859375 0.959375 0.6890625 0.9640625 0.6890625 0.975 0.6859375 0.9828125 0.671875 0.9953125 0.665625 0.99375 0.665625 0.98125 0.66875 0.9703125 0.66875 0.9453125 0.671875 0.9296875 0.66875 0.9234375 0.659375 0.934375 0.6546875 0.94375 0.6546875 0.9484375 0.6515625 0.9515625 0.6515625 0.95625 0.6390625 0.98125 0.6328125 0.978125 0.6296875 0.9640625 0.6328125 0.9453125 0.6359375 0.9375 0.640625 0.934375 0.6421875 0.921875 0.6515625 0.903125 0.6515625 0.8546875 0.65625 0.8484375 0.659375 0.8203125 0.6671875 0.79375 0.665625 0.790625 0.65625 0.7890625 0.6546875 0.7734375 0.659375 0.75625 0.6703125 0.734375 0.671875 0.7265625 0.678125 0.721875 0.6984375 0.7234375 0.7015625 0.7203125 0.7046875 0.675 0.7078125 0.6671875 0.7140625 0.6609375 0.71875 0.6609375