1 0.4640625 0.3921875 0.471875 0.4125 0.471875 0.41875 0.4671875 0.4265625 0.446875 0.425 0.440625 0.4125 0.440625 0.4015625 0.44375 0.3984375 0.4515625 0.396875 0.4578125 0.3921875 0.4625 0.3921875
1 0.15625 0.44375 0.1578125 0.4453125 0.1578125 0.4671875 0.1609375 0.4765625 0.1609375 0.4875 0.165625 0.5109375 0.165625 0.5265625 0.1640625 0.53125 0.1578125 0.5375 0.15 0.5359375 0.1453125 0.53125 0.1453125 0.5109375 0.1515625 0.490625 0.15 0.4765625 0.15625 0.4703125 0.1546875 0.4640625 0.15625 0.4484375 0.1515625 0.4453125 0.1546875 0.44375
1 0.8140625 0.8765625 0.8203125 0.8984375 0.8203125 0.909375 0.8125 0.921875 0.8046875 0.9421875 0.796875 0.9515625 0.796875 0.9546875 0.79375 0.9546875 0.778125 0.9390625 0.778125 0.9359375 0.7890625 0.9140625 0.8015625 0.896875 0.80625 0.8828125 0.8125 0.8765625
1 0.3390625 0.8390625 0.3421875 0.8421875 0.3421875 0.8671875 0.3453125 0.8890625 0.3390625 0.9125 0.321875 0.9546875 0.31875 0.9546875 0.31875 0.9453125 0.315625 0.9421875 0.315625 0.934375 0.3125 0.928125 0.3109375 0.8890625 0.3171875 0.878125 0.31875 0.8640625 0.3296875 0.853125 0.334375 0.840625 0.3375 0.8390625
2 0.459375 0.3609375 0.4625 0.3625 0.4609375 0.3703125 0.45625 0.3703125 0.4546875 0.3671875 0.4546875 0.3625 0.4578125 0.3609375
2 0.12109375 0.44453125 0.01171875 0.02109375
2 0.498015625 0.234109375 0.49830823906250005 0.23106076406249998 0.4969886359375 0.2283697921875 0.4944928984375 0.2228072921875 0.49214488593750005 0.2215520828125 0.48920880625 0.2233454859375 0.48979545468749996 0.2254982640625 0.49405255625000005 0.236621528125 0.498015625 0.234109375
0 0.49243750000000003 0.21634895781250002 0.492731534375 0.2215520828125 0.498455965625 0.22944618125 0.4987485796875 0.2116857640625 0.4961079546875 0.2064826390625 0.49405255625000005 0.2041510421875 0.48803409062499997 0.20486805624999999 0.49008948906249994 0.212940971875 0.49243750000000003 0.21634895781250002
3 0.4609375 0.390625 0.4609375 0.3828125 0.45625 0.3796875 0.4453125 0.3921875 0.4390625 0.3859375 0.4359375 0.3765625 0.4375 0.35625 0.44375 0.34375 0.446875 0.325 0.45 0.31875 0.45 0.30625 0.453125 0.3015625 0.4578125 0.3015625 0.4671875 0.3109375 0.4671875 0.3140625 0.4765625 0.3203125 0.4828125 0.346875 0.4828125 0.3640625 0.48125 0.375 0.4765625 0.38125 0.475 0.4109375 0.4734375 0.4125 0.4703125 0.409375 0.46875 0.396875 0.4625 0.390625
3 0.4765625 0.1640625 0.4796875 0.1625 0.4828125 0.1640625 0.48125 0.1828125 0.4875 0.1984375 0.4890625 0.2109375 0.4921875 0.215625 0.490625 0.2453125 0.49375 0.2640625 0.49375 0.303125 0.496875 0.30625 0.4953125 0.3125 0.484375 0.3125 0.4828125 0.3078125 0.478125 0.3078125 0.4765625 0.2484375 0.4734375 0.240625 0.46875 0.2359375 0.46875 0.1921875 0.4765625 0.165625
3 0.165625 0.4015625 0.1703125 0.409375 0.16875 0.43125 0.1796875 0.446875 0.1859375 0.4640625 0.1859375 0.48125 0.1828125 0.4890625 0.1859375 0.5734375 0.190625 0.590625 0.19375 0.61875 0.196875 0.6234375 0.196875 0.63125 0.1921875 0.6359375 0.1921875 0.6421875 0.1890625 0.6453125 0.178125 0.6421875 0.1765625 0.6375 0.1765625 0.6328125 0.18125 0.628125 0.18125 0.6234375 0.178125 0.60625 0.171875 0.5890625 0.171875 0.5796875 0.1609375 0.5421875 0.1625 0.4984375 0.159375 0.4953125 0.159375 0.4875 0.15625 0.4796875 0.1515625 0.478125 0.1484375 0.4734375 0.134375 0.471875 0.1265625 0.4625 0.1234375 0.453125 0.1171875 0.4453125 0.1171875 0.440625 0.121875 0.4390625 0.1296875 0.4546875 0.1390625 0.4578125 0.1546875 0.440625 0.15625 0.403125 0.1640625 0.4015625
3 0.4734375 0.096875 0.478125 0.1 0.478125 0.1125 0.48125 0.11875 0.48125 0.1265625 0.478125 0.1296875 0.4734375 0.1265625 0.4703125 0.1296875 0.4671875 0.146875 0.4640625 0.1484375 0.4640625 0.1234375 0.46875 0.1140625 0.46875 0.103125 0.471875 0.0984375
3 0.0171875 0.903125 0.0265625 0.9171875 0.0296875 0.9359375 0.034375 0.9375 0.0453125 0.9484375 0.046875 0.95625 0.059375 0.9765625 0.0640625 0.9984375 0.0328125 0.9984375 0.028125 0.9796875 0.0234375 0.975 0.015625 0.9765625 0.0109375 0.9703125 0.0078125 0.9640625 0.00625 0.9515625 0 0.9421875 0 0.9171875 0.009375 0.903125 0.0125 0.9015625 0.015625 0.903125
3 0.496875 0.0953125 0.5015625 0.103125 0.5015625 0.13125 0.4953125 0.1453125 0.4921875 0.175 0.4890625 0.1734375 0.484375 0.1625 0.484375 0.11875 0.4828125 0.115625 0.4875 0.1015625 0.4953125 0.0953125