2 0.4390625 0.896875 0.4484375 0.8953125 0.4515625 0.896875 0.453125 0.9015625 0.453125 0.9109375 0.4515625 0.915625 0.4484375 0.9171875 0.4375 0.909375 0.4390625 0.8984375
2 0.8046875 0.7640625 0.8109375 0.7640625 0.815625 0.7765625 0.8140625 0.7859375 0.8109375 0.790625 0.8078125 0.7890625 0.803125 0.7828125 0.8046875 0.765625
2 0.4703125 0.934375 0.4703125 0.9390625 0.475 0.9484375 0.475 0.9546875 0.4703125 0.9578125 0.4671875 0.95625 0.4625 0.9421875 0.4640625 0.9359375 0.46875 0.934375
2 0.81640625 0.7484375 0.015625 0.0171875
1 0.0265625 0.6796875 0.0359375 0.684375 0.053125 0.7 0.0546875 0.7296875 0.0484375 0.7453125 0.0453125 0.746875 0.040625 0.7453125 0.0328125 0.7375 0.03125 0.7265625 0.01875 0.7 0.0203125 0.6828125 0.025 0.6796875
1 0.759375 0.8453125 0.7734375 0.853125 0.7796875 0.8609375 0.7796875 0.925 0.771875 0.9578125 0.7625 0.9671875 0.7578125 0.965625 0.7515625 0.95625 0.734375 0.909375 0.734375 0.903125 0.75 0.86875 0.75 0.8625 0.7546875 0.85 0.7578125 0.846875
3 0.4828125 0.740625 0.490625 0.746875 0.49375 0.7609375 0.49375 0.7828125 0.50625 0.7953125 0.50625 0.7984375 0.5140625 0.809375 0.5140625 0.8703125 0.5109375 0.88125 0.5125 0.915625 0.5140625 0.9171875 0.5140625 0.9625 0.5046875 0.978125 0.5 0.975 0.496875 0.965625 0.4890625 0.959375 0.4875 0.9546875 0.4828125 0.9703125 0.478125 0.9703125 0.4703125 0.9796875 0.4640625 0.978125 0.4625 0.971875 0.4640625 0.9578125 0.4609375 0.9546875 0.4578125 0.95625 0.45625 0.9703125 0.4515625 0.9484375 0.453125 0.9265625 0.4640625 0.9375 0.46875 0.934375 0.46875 0.9265625 0.459375 0.9140625 0.453125 0.9109375 0.45 0.9140625 0.4453125 0.9140625 0.4390625 0.909375 0.4375 0.9046875 0.4390625 0.8890625 0.4375 0.8875 0.4359375 0.8375 0.4375 0.8359375 0.4375 0.815625 0.4453125 0.7953125 0.453125 0.7828125 0.453125 0.778125 0.4546875 0.775 0.4671875 0.76875 0.46875 0.746875 0.4734375 0.7421875 0.48125 0.740625
3 0.0046875 0.6703125 0.0125 0.66875 0.01875 0.6765625 0.01875 0.6953125 0.03125 0.728125 0.040625 0.7375 0.04375 0.7359375 0.046875 0.740625 0.05 0.7328125 0.0515625 0.7359375 0.0578125 0.7390625 0.0609375 0.7484375 0.0609375 0.76875 0.0625 0.7703125 0.0625 0.7859375 0.0515625 0.7953125 0.046875 0.803125 0.04375 0.803125 0.040625 0.790625 0.0328125 0.7828125 0.0265625 0.7859375 0.0203125 0.78125 0.015625 0.76875 0.0125 0.746875 0.0046875 0.73125 0 0.7265625 0 0.678125 0.0046875 0.671875
3 0.0609375 0.79375 0.06875 0.8 0.0765625 0.8171875 0.0890625 0.83125 0.0921875 0.83125 0.0984375 0.8375 0.1078125 0.85625 0.109375 0.8625 0.1078125 0.875 0.115625 0.89375 0.115625 0.9078125 0.1359375 0.9484375 0.128125 0.965625 0.125 0.9796875 0.13125 0.9984375 0.0984375 0.9984375 0.0890625 0.98125 0.084375 0.98125 0.078125 0.9890625 0.075 0.9890625 0.0734375 0.9859375 0.0703125 0.9765625 0.0703125 0.953125 0.0609375 0.9015625 0.0625 0.865625 0.0484375 0.81875 0.0484375 0.80625 0.0546875 0.7953125 0.059375 0.7953125
3 0.9984375 0.8953125 0.9984375 0.9984375 0.984375 0.9984375 0.9859375 0.990625 0.9953125 0.971875 0.996875 0.9640625 0.9953125 0.9609375 0.990625 0.9625 0.9828125 0.975 0.975 0.98125 0.965625 0.9984375 0.953125 0.9984375 0.953125 0.99375 0.96875 0.9703125 0.96875 0.965625 0.984375 0.9390625 0.984375 0.934375 0.9921875 0.9203125 0.9984375 0.896875
3 0.8359375 0.6546875 0.84375 0.6546875 0.8484375 0.659375 0.853125 0.6703125 0.8546875 0.6859375 0.853125 0.696875 0.8578125 0.7125 0.8578125 0.740625 0.8515625 0.7828125 0.846875 0.7953125 0.846875 0.8015625 0.8421875 0.8109375 0.8421875 0.8171875 0.8359375 0.825 0.8359375 0.8296875 0.8265625 0.8421875 0.8265625 0.8453125 0.8171875 0.8578125 0.8171875 0.8625 0.8125 0.871875 0.8109375 0.8953125 0.8078125 0.9015625 0.8015625 0.9328125 0.7953125 0.940625 0.7859375 0.9421875 0.778125 0.9390625 0.78125 0.9203125 0.7859375 0.9171875 0.7921875 0.8390625 0.796875 0.828125 0.796875 0.821875 0.809375 0.7921875 0.8046875 0.784375 0.8046875 0.76875 0.80625 0.7640625 0.809375 0.7640625 0.8125 0.76875 0.815625 0.765625 0.8171875 0.75625 0.8109375 0.7515625 0.8109375 0.7484375 0.8140625 0.74375 0.8234375 0.740625 0.828125 0.7359375 0.828125 0.7265625 0.8328125 0.71875 0.8328125 0.7109375 0.8234375 0.69375 0.8234375 0.6765625 0.828125 0.6640625 0.8359375 0.65625