0 0.4723892046875 0.44363194375 0.4715482953125 0.448003471875 0.47575568125 0.447746528125 0.47912215937499997 0.44954687499999996 0.48606676093749995 0.444918403125 0.48859090937499994 0.4361736109375 0.4894332390625 0.43051562499999996 0.48838068124999995 0.4171423609375 0.48753977343750005 0.40454166718750006 0.48185795468750003 0.3968263890625 0.464393465625 0.4040260421875 0.4639730109375 0.40685590312500003 0.4641832390625 0.429230903125 0.47091619375000004 0.4361736109375 0.47512499999999996 0.43977430625 0.4723892046875 0.44363194375
2 0.46796875 0.43828125 0.015625 0.02578125
2 0.4890625 0.4125 0.4921875 0.4125 0.49375 0.4203125 0.4921875 0.4421875 0.4875 0.446875 0.484375 0.446875 0.484375 0.4421875 0.4890625 0.4328125 0.4890625 0.4140625
2 0.646875 0.809375 0.64375 0.803125 0.64375 0.790625 0.646875 0.7875 0.6515625 0.7875 0.6546875 0.7921875 0.6546875 0.8046875 0.6515625 0.809375 0.6484375 0.809375
1 0.5171875 0.7375 0.5234375 0.753125 0.5234375 0.809375 0.521875 0.8125 0.46875 0.8125 0.4640625 0.8078125 0.4640625 0.775 0.46875 0.74375 0.471875 0.740625 0.4984375 0.740625 0.515625 0.7375
1 0.8078125 0.8828125 0.8109375 0.8828125 0.8140625 0.8953125 0.815625 0.91875 0.8 0.95625 0.7921875 0.965625 0.7890625 0.965625 0.7734375 0.946875 0.7765625 0.9328125 0.784375 0.9234375 0.784375 0.9203125 0.796875 0.9078125 0.8078125 0.884375
1 0.5296875 0.2640625 0.5328125 0.2703125 0.53125 0.2890625 0.5265625 0.29375 0.5234375 0.29375 0.5203125 0.2890625 0.521875 0.275 0.525 0.26875 0.5296875 0.265625
3 0.48125 0.0828125 0.4890625 0.1046875 0.4828125 0.1375 0.4828125 0.16875 0.48125 0.171875 0.478125 0.1671875 0.475 0.1203125 0.471875 0.1109375 0.471875 0.1046875 0.478125 0.09375 0.4796875 0.084375
3 0.4671875 0.309375 0.471875 0.3140625 0.4734375 0.334375 0.478125 0.340625 0.4828125 0.340625 0.4875 0.35 0.49375 0.3796875 0.490625 0.43125 0.4875 0.4078125 0.4828125 0.3984375 0.4765625 0.3984375 0.4703125 0.4015625 0.465625 0.4078125 0.465625 0.4234375 0.4703125 0.446875 0.4734375 0.45 0.478125 0.45 0.484375 0.446875 0.4875 0.4421875 0.4875 0.4875 0.4828125 0.5140625 0.4828125 0.540625 0.484375 0.5421875 0.4828125 0.5484375 0.478125 0.546875 0.471875 0.5359375 0.471875 0.5296875 0.4703125 0.528125 0.4671875 0.5296875 0.4671875 0.5578125 0.4703125 0.5640625 0.46875 0.56875 0.4640625 0.56875 0.459375 0.565625 0.4546875 0.5578125 0.4578125 0.434375 0.453125 0.421875 0.453125 0.4140625 0.4484375 0.40625 0.4484375 0.365625 0.453125 0.35 0.459375 0.34375 0.4546875 0.3234375 0.459375 0.3109375 0.465625 0.309375
3 0.6 0.6390625 0.609375 0.63125 0.609375 0.6 0.6140625 0.5859375 0.61875 0.5828125 0.6234375 0.5828125 0.6296875 0.590625 0.634375 0.6125 0.634375 0.6375 0.6421875 0.659375 0.64375 0.6953125 0.6515625 0.7578125 0.6515625 0.775 0.65 0.7765625 0.653125 0.79375 0.6515625 0.80625 0.6484375 0.8078125 0.64375 0.7984375 0.6421875 0.778125 0.6453125 0.7765625 0.6390625 0.7703125 0.64375 0.759375 0.640625 0.7546875 0.6359375 0.765625 0.6328125 0.765625 0.628125 0.7703125 0.625 0.7859375 0.61875 0.7890625 0.6109375 0.7890625 0.6078125 0.7921875 0.6078125 0.8078125 0.603125 0.8421875 0.6046875 0.846875 0.603125 0.8484375 0.603125 0.884375 0.6 0.9 0.6015625 0.9046875 0.6 0.9125 0.5984375 0.9140625 0.59375 0.9125 0.59375 0.90625 0.5890625 0.896875 0.590625 0.8578125 0.5890625 0.85625 0.5875 0.7890625 0.5765625 0.7734375 0.58125 0.7265625 0.5734375 0.71875 0.5703125 0.696875 0.5796875 0.66875 0.590625 0.65625 0.59375 0.646875 0.6 0.640625
3 0.51640625 0.26015625 0.03515625 0.0796875