1 0.45625 0.2765625 0.4609375 0.2796875 0.471875 0.303125 0.4671875 0.3140625 0.453125 0.3015625 0.4515625 0.2921875 0.453125 0.2828125 0.45625 0.278125
2 0.48125 0.2828125 0.4859375 0.284375 0.484375 0.29375 0.48125 0.284375
2 0.59375 0.5171875 0.0140625 0.0171875
2 0.115625 0.7265625 0.115625 0.7421875 0.1125 0.7421875 0.109375 0.7375 0.109375 0.7265625 0.1109375 0.725 0.1140625 0.7265625
2 0.8046875 0.7390625 0.8078125 0.7421875 0.8015625 0.75625 0.796875 0.7515625 0.796875 0.7453125 0.803125 0.7390625
2 0.7765625 0.771875 0.7796875 0.775 0.7796875 0.7828125 0.7828125 0.7890625 0.7828125 0.7984375 0.7796875 0.8046875 0.771875 0.803125 0.771875 0.778125 0.775 0.7734375
3 0.5703125 0.403125 0.58125 0.4015625 0.5875 0.409375 0.590625 0.41875 0.5875 0.4375 0.5796875 0.4484375 0.58125 0.50625 0.5859375 0.509375 0.5953125 0.509375 0.5984375 0.5125 0.5984375 0.5203125 0.590625 0.5265625 0.5796875 0.528125 0.5734375 0.5421875 0.5578125 0.540625 0.546875 0.54375 0.540625 0.5359375 0.540625 0.51875 0.55 0.4609375 0.5484375 0.4484375 0.559375 0.428125 0.5671875 0.4234375 0.5703125 0.4046875
3 0.0578125 0.6265625 0.0640625 0.6296875 0.065625 0.6453125 0.0671875 0.646875 0.071875 0.64375 0.075 0.6453125 0.0765625 0.65 0.084375 0.6578125 0.09375 0.6578125 0.109375 0.665625 0.1234375 0.6671875 0.1265625 0.6796875 0.1234375 0.6859375 0.121875 0.70625 0.115625 0.725 0.115625 0.740625 0.1234375 0.7640625 0.1234375 0.78125 0.1296875 0.80625 0.13125 0.828125 0.1390625 0.846875 0.1390625 0.859375 0.15 0.9 0.14375 0.9046875 0.1375 0.9015625 0.1328125 0.8734375 0.128125 0.86875 0.1234375 0.871875 0.121875 0.8765625 0.125 0.9125 0.1234375 0.915625 0.115625 0.915625 0.109375 0.9125 0.1078125 0.9046875 0.109375 0.8875 0.1015625 0.8546875 0.0953125 0.8390625 0.09375 0.8015625 0.0890625 0.7796875 0.078125 0.759375 0.078125 0.7546875 0.071875 0.740625 0.06875 0.7421875 0.0625 0.765625 0.0546875 0.75625 0.0609375 0.678125 0.046875 0.665625 0.046875 0.6390625 0.05625 0.628125
3 0.4703125 0.3015625 0.465625 0.2890625 0.459375 0.2828125 0.4546875 0.284375 0.4515625 0.290625 0.4515625 0.2984375 0.4671875 0.3109375 0.4703125 0.31875 0.4671875 0.35625 0.46875 0.3578125 0.46875 0.378125 0.4703125 0.3859375 0.4734375 0.3890625 0.471875 0.4125 0.465625 0.4140625 0.4625 0.4015625 0.459375 0.3984375 0.4578125 0.4109375 0.453125 0.4140625 0.45 0.36875 0.446875 0.3625 0.446875 0.3 0.4484375 0.2984375 0.446875 0.2796875 0.453125 0.26875 0.4515625 0.265625 0.453125 0.25 0.459375 0.2484375 0.4625 0.259375 0.4671875 0.2640625 0.4671875 0.2734375 0.471875 0.2890625 0.4703125 0.3
3 0.4859375 0.2171875 0.49375 0.2171875 0.4984375 0.2296875 0.5046875 0.234375 0.5109375 0.2453125 0.5140625 0.2625 0.5140625 0.275 0.5125 0.2828125 0.50625 0.29375 0.503125 0.31875 0.5046875 0.33125 0.503125 0.3328125 0.5015625 0.36875 0.49375 0.3796875 0.4875 0.3828125 0.4828125 0.38125 0.484375 0.3734375 0.4875 0.3703125 0.4875 0.31875 0.484375 0.290625 0.48125 0.284375 0.484375 0.2203125 0.4859375 0.21875
3 0.8265625 0.675 0.834375 0.6828125 0.834375 0.6953125 0.8265625 0.7109375 0.825 0.7203125 0.8328125 0.7546875 0.83125 0.7703125 0.8265625 0.778125 0.8265625 0.7875 0.8125 0.8234375 0.8109375 0.853125 0.7953125 0.8734375 0.7921875 0.8984375 0.7828125 0.934375 0.7796875 0.9390625 0.765625 0.946875 0.7609375 0.94375 0.759375 0.934375 0.76875 0.9234375 0.7703125 0.9109375 0.7765625 0.896875 0.78125 0.875 0.7796875 0.8625 0.76875 0.871875 0.7640625 0.8828125 0.7609375 0.909375 0.75625 0.925 0.753125 0.928125 0.746875 0.928125 0.734375 0.9328125 0.7296875 0.9296875 0.7296875 0.9203125 0.7453125 0.9078125 0.753125 0.875 0.7546875 0.8578125 0.7625 0.84375 0.7734375 0.8078125 0.771875 0.778125 0.778125 0.7671875 0.78125 0.7453125 0.7921875 0.7296875 0.796875 0.7203125 0.796875 0.715625 0.8078125 0.703125 0.8125 0.68125 0.8171875 0.675 0.825 0.675