1 0.4984375 0.35625 0.5078125 0.3640625 0.5046875 0.38125 0.5 0.38125 0.496875 0.378125 0.4984375 0.3578125
1 0.2109375 0.4359375 0.21875 0.4359375 0.221875 0.440625 0.21875 0.4484375 0.2203125 0.4703125 0.2171875 0.478125 0.209375 0.4859375 0.203125 0.4859375 0.19375 0.471875 0.1984375 0.4703125 0.1984375 0.4421875 0.196875 0.440625 0.2109375 0.4375
1 0.4640625 0.8171875 0.471875 0.821875 0.475 0.846875 0.475 0.8984375 0.471875 0.9171875 0.4671875 0.9234375 0.4515625 0.9234375 0.4453125 0.9125 0.4453125 0.9 0.4546875 0.8734375 0.471875 0.8484375 0.4671875 0.8390625 0.453125 0.840625 0.453125 0.815625 0.459375 0.8140625 0.4625 0.8171875
1 0.453125 0.43125 0.4546875 0.4328125 0.453125 0.4421875 0.4546875 0.4640625 0.4515625 0.4671875 0.4484375 0.465625 0.4453125 0.45 0.45 0.434375 0.453125 0.4328125
2 0.4640625 0.4765625 0.4703125 0.48125 0.46875 0.4890625 0.4671875 0.490625 0.4625 0.4890625 0.4625 0.478125
2 0.171875 0.51875 0.178125 0.521875 0.1765625 0.53125 0.171875 0.5328125 0.16875 0.525 0.1703125 0.5203125
3 0.515625 0.2734375 0.5203125 0.278125 0.521875 0.296875 0.5296875 0.303125 0.5328125 0.3171875 0.5328125 0.328125 0.5296875 0.334375 0.5296875 0.3765625 0.5265625 0.3859375 0.5265625 0.4 0.521875 0.428125 0.521875 0.4578125 0.5234375 0.459375 0.521875 0.4625 0.515625 0.459375 0.515625 0.4515625 0.509375 0.4484375 0.50625 0.44375 0.50625 0.4015625 0.5046875 0.4 0.50625 0.365625 0.5 0.3609375 0.5 0.3515625 0.496875 0.346875 0.4953125 0.3359375 0.4953125 0.3203125 0.5 0.3125 0.5 0.3078125 0.509375 0.296875 0.5078125 0.284375 0.5109375 0.275 0.5140625 0.2734375
3 0.1796875 0.378125 0.1828125 0.3921875 0.184375 0.428125 0.1875 0.4375 0.196875 0.440625 0.1984375 0.4390625 0.2203125 0.4390625 0.21875 0.4453125 0.2203125 0.4640625 0.2171875 0.475 0.2171875 0.5015625 0.215625 0.503125 0.215625 0.53125 0.221875 0.5734375 0.2265625 0.5875 0.2265625 0.60625 0.225 0.609375 0.221875 0.609375 0.21875 0.6046875 0.2171875 0.5859375 0.2140625 0.5796875 0.2109375 0.559375 0.203125 0.5390625 0.2 0.5453125 0.2 0.5640625 0.2015625 0.565625 0.2015625 0.6140625 0.2046875 0.621875 0.2046875 0.63125 0.2015625 0.634375 0.19375 0.6359375 0.1890625 0.6359375 0.184375 0.63125 0.1859375 0.6234375 0.1921875 0.6125 0.1921875 0.5921875 0.1875 0.56875 0.1875 0.5390625 0.184375 0.5265625 0.1859375 0.5234375 0.184375 0.5125 0.1828125 0.5109375 0.18125 0.5125 0.178125 0.521875 0.175 0.5265625 0.171875 0.5265625 0.171875 0.5046875 0.175 0.4890625 0.175 0.4390625 0.1734375 0.4375 0.175 0.4171875 0.171875 0.4125 0.171875 0.384375 0.178125 0.378125
3 0.809375 0.8828125 0.8171875 0.890625 0.8203125 0.9 0.8203125 0.915625 0.8109375 0.9359375 0.8078125 0.9359375 0.8015625 0.9421875 0.80625 0.9484375 0.80625 0.95625 0.796875 0.9734375 0.7953125 0.9984375 0.7109375 0.9984375 0.7109375 0.99375 0.7234375 0.9453125 0.740625 0.921875 0.75 0.9140625 0.7625 0.909375 0.7671875 0.903125 0.771875 0.9015625 0.778125 0.9015625 0.7859375 0.9109375 0.7890625 0.9078125 0.79375 0.8875 0.8 0.8828125 0.8078125 0.8828125
3 0.4640625 0.3421875 0.465625 0.3453125 0.471875 0.3484375 0.475 0.3546875 0.4765625 0.3796875 0.48125 0.3921875 0.48125 0.425 0.4796875 0.4265625 0.48125 0.428125 0.48125 0.44375 0.475 0.4578125 0.475 0.4734375 0.471875 0.48125 0.4734375 0.521875 0.4765625 0.5296875 0.478125 0.5625 0.48125 0.5703125 0.4796875 0.5734375 0.471875 0.5734375 0.465625 0.5703125 0.4609375 0.5625 0.4515625 0.5671875 0.4453125 0.565625 0.446875 0.5578125 0.453125 0.55 0.453125 0.4765625 0.4546875 0.475 0.453125 0.43125 0.45625 0.4234375 0.45625 0.4109375 0.4609375 0.39375 0.4609375 0.384375 0.45625 0.3765625 0.453125 0.3578125 0.459375 0.346875 0.4640625 0.34375
3 0.45625 0.2265625 0.4546875 0.2125 0.45 0.20625 0.45 0.1859375 0.45625 0.1734375 0.45625 0.1625 0.459375 0.1578125 0.4640625 0.1578125 0.4671875 0.1609375 0.4734375 0.2 0.4703125 0.20625 0.4703125 0.225 0.4671875 0.228125 0.4578125 0.2265625