1 0.4703125 0.515625 0.46875 0.4875 0.4765625 0.459375 0.4765625 0.45 0.48125 0.44375 0.484375 0.446875 0.484375 0.4546875 0.496875 0.4796875 0.4984375 0.515625 0.49375 0.5203125 0.471875 0.515625
1 0 0.8640625 0.003125 0.8640625 0.025 0.89375 0.0328125 0.9 0.0421875 0.9015625 0.0453125 0.9046875 0.0484375 0.9125 0.059375 0.921875 0.06875 0.9359375 0.0671875 0.946875 0.059375 0.9546875 0.05 0.9546875 0.04375 0.94375 0.0359375 0.9390625 0.03125 0.9328125 0.0265625 0.9203125 0.0203125 0.9140625 0.01875 0.89375 0.0078125 0.88125 0 0.865625
2 0.5625 0.4953125 0.56875 0.484375 0.571875 0.4828125 0.575 0.4890625 0.575 0.4953125 0.5703125 0.5015625 0.5671875 0.5015625 0.5640625 0.496875
2 0.10625 0.8984375 0.1109375 0.9015625 0.1125 0.9203125 0.109375 0.925 0.10625 0.925 0.0984375 0.915625 0.0984375 0.9109375 0.10625 0.9
2 0.5515625 0.484375 0.55625 0.484375 0.5609375 0.4921875 0.5609375 0.496875 0.55625 0.5015625 0.5546875 0.4984375 0.546875 0.4953125 0.546875 0.490625 0.5515625 0.4859375
2 0.48492755625 0.44236805625000003 0.48626704531250003 0.4511510421875 0.48809375 0.4511510421875 0.4887017046875 0.43834895781250005 0.48626704531250003 0.435371528125 0.48431818125000003 0.43194618125 0.48065767031249995 0.4322239578125 0.47750000000000004 0.43953993125 0.47750000000000004 0.443559028125 0.4817613640625 0.44147395781250004 0.48492755625 0.44236805625000003
3 0.5609375 0.39375 0.565625 0.403125 0.5671875 0.4171875 0.571875 0.4203125 0.58125 0.434375 0.584375 0.4453125 0.584375 0.4546875 0.5890625 0.4671875 0.584375 0.4890625 0.571875 0.4984375 0.56875 0.4984375 0.5671875 0.5015625 0.55625 0.5015625 0.5546875 0.4984375 0.54375 0.4921875 0.5375 0.4859375 0.5328125 0.475 0.5328125 0.459375 0.5359375 0.4546875 0.5390625 0.4359375 0.55 0.4171875 0.5484375 0.4015625 0.553125 0.3953125 0.559375 0.39375
3 0.4734375 0.121875 0.478125 0.121875 0.478125 0.13125 0.4828125 0.1390625 0.48125 0.1578125 0.465625 0.1609375 0.465625 0.1546875 0.4625 0.1484375 0.465625 0.1375 0.4734375 0.1234375
3 0.48125 0.3078125 0.4859375 0.328125 0.4953125 0.3375 0.4984375 0.346875 0.4984375 0.4125 0.49375 0.41875 0.4953125 0.4703125 0.490625 0.465625 0.4828125 0.44375 0.4796875 0.4453125 0.4765625 0.4546875 0.4734375 0.4546875 0.475 0.4265625 0.46875 0.409375 0.4703125 0.3796875 0.475 0.3609375 0.475 0.3421875 0.46875 0.334375 0.46875 0.3109375 0.4734375 0.30625 0.4796875 0.3078125
3 0.0765625 0.7109375 0.0875 0.7171875 0.0921875 0.73125 0.0921875 0.7421875 0.10625 0.7453125 0.1125 0.753125 0.1203125 0.7703125 0.1234375 0.7796875 0.1296875 0.8234375 0.1390625 0.8515625 0.1390625 0.88125 0.14375 0.896875 0.15 0.9046875 0.1546875 0.915625 0.1546875 0.9234375 0.1671875 0.95 0.1703125 0.9703125 0.1734375 0.975 0.1734375 0.98125 0.16875 0.9859375 0.153125 0.9703125 0.1546875 0.95 0.146875 0.940625 0.134375 0.915625 0.1296875 0.925 0.128125 0.9421875 0.1390625 0.971875 0.1390625 0.978125 0.146875 0.99375 0.146875 0.9984375 0.13125 0.9984375 0.125 0.975 0.121875 0.971875 0.1203125 0.9640625 0.1109375 0.9453125 0.109375 0.928125 0.09375 0.909375 0.0890625 0.896875 0.0875 0.8765625 0.0828125 0.8640625 0.0828125 0.840625 0.078125 0.828125 0.078125 0.7609375 0.06875 0.75 0.0625 0.728125 0.0640625 0.715625 0.0703125 0.7109375 0.075 0.7109375
3 0 0.8625 0.009375 0.8703125 0.015625 0.884375 0.021875 0.8921875 0.0390625 0.90625 0.04375 0.925 0.040625 0.9421875 0.0453125 0.946875 0.0484375 0.9546875 0.0609375 0.9671875 0.0609375 0.971875 0.0765625 0.9890625 0.0765625 0.9953125 0.0734375 0.9984375 0.046875 0.9984375 0.0453125 0.996875 0.0078125 0.9984375 0.00625 0.99375 0 0.990625 0.0015625 0.9890625 0 0.9875 0 0.8640625
3 0.4921875 0.1046875 0.4984375 0.1171875 0.4984375 0.1625 0.4953125 0.165625 0.4984375 0.1984375 0.4953125 0.2046875 0.4875 0.203125 0.490625 0.196875 0.490625 0.1828125 0.484375 0.1609375 0.4859375 0.11875 0.4875 0.10625 0.490625 0.1046875