0 0.8295071015625 0.7413107640625001 0.82697443125 0.7462204859375 0.8267173296875001 0.75719444375 0.8344105109375001 0.75719444375 0.8395383515624999 0.7565677078124999 0.837487215625 0.7537447921875 0.8387684656250001 0.751237846875 0.8415894890625 0.750296875 0.8418465906250001 0.7440260421875 0.83697443125 0.74308506875 0.8295071015625 0.7413107640625001
0 0.7936392046875 0.751550346875 0.7869730109375 0.7829045140625001 0.801075284375 0.782277778125 0.8033835234375 0.760644096875 0.796203125 0.7568802078125 0.8008196015625 0.74810243125 0.80594744375 0.740890625 0.8023579546875 0.7270954859375001 0.78827556875 0.7300295140624999 0.7936392046875 0.751550346875
2 0.8046875 0.75234375 0.0125 0.01875
2 0.659375 0.8984375 0.665625 0.8890625 0.6765625 0.8875 0.6765625 0.9 0.66875 0.909375 0.6609375 0.9
2 0.5953125 0.8046875 0.6078125 0.8265625 0.6078125 0.834375 0.6046875 0.8375 0.5984375 0.8375 0.59375 0.8328125 0.59375 0.8265625 0.5890625 0.81875 0.5890625 0.8078125 0.59375 0.8046875
2 0.8421875 0.7546875 0.8515625 0.7625 0.8515625 0.7671875 0.8453125 0.7703125 0.8375 0.7671875 0.8328125 0.759375 0.840625 0.7546875
2 0.5125 0.2625 0.5125 0.2546875 0.5140625 0.25 0.5171875 0.2484375 0.5171875 0.2546875 0.5125 0.2640625
2 0.53984375 0.84609375 0.0171875 0.03671875
3 0.2484375 0.271875 0.2546875 0.2796875 0.25625 0.290625 0.2640625 0.3046875 0.2640625 0.3171875 0.259375 0.3265625 0.259375 0.33125 0.2484375 0.3453125 0.2484375 0.340625 0.2421875 0.33125 0.23125 0.33125 0.234375 0.3046875 0.2375 0.2984375 0.2375 0.2828125 0.2390625 0.278125 0.246875 0.271875
3 0.678125 0.7890625 0.6859375 0.7921875 0.7 0.8078125 0.7015625 0.8203125 0.7140625 0.8625 0.71875 0.896875 0.71875 0.915625 0.7171875 0.925 0.70625 0.9375 0.70625 0.940625 0.703125 0.9421875 0.7 0.934375 0.6921875 0.9265625 0.6890625 0.9296875 0.6859375 0.95625 0.6703125 0.975 0.6640625 0.9984375 0.65625 0.9984375 0.65625 0.9796875 0.6609375 0.9703125 0.6625 0.959375 0.6546875 0.9453125 0.6484375 0.9671875 0.646875 0.9890625 0.6375 0.9953125 0.6375 0.984375 0.640625 0.9796875 0.640625 0.965625 0.65 0.9328125 0.65 0.9109375 0.65625 0.9078125 0.65625 0.903125 0.6484375 0.9015625 0.6453125 0.890625 0.640625 0.8875 0.628125 0.903125 0.6234375 0.91875 0.6203125 0.91875 0.6171875 0.909375 0.6171875 0.896875 0.6234375 0.8703125 0.6296875 0.85625 0.6296875 0.8265625 0.6328125 0.8078125 0.640625 0.8015625 0.6453125 0.7921875 0.665625 0.7921875 0.6765625 0.7890625
3 0.546875 0.66875 0.5609375 0.6671875 0.565625 0.675 0.56875 0.70625 0.575 0.7140625 0.5796875 0.7359375 0.5859375 0.746875 0.5921875 0.76875 0.5953125 0.80625 0.6 0.8109375 0.60625 0.825 0.60625 0.8359375 0.6015625 0.8375 0.596875 0.8359375 0.59375 0.8328125 0.59375 0.8265625 0.584375 0.8078125 0.578125 0.8015625 0.5734375 0.790625 0.5703125 0.7890625 0.5671875 0.79375 0.5671875 0.803125 0.5625 0.8140625 0.5609375 0.8453125 0.5578125 0.8609375 0.54375 0.8625 0.5328125 0.85 0.5203125 0.8453125 0.515625 0.8375 0.5171875 0.81875 0.5109375 0.7921875 0.5109375 0.771875 0.509375 0.7703125 0.5140625 0.7265625 0.51875 0.7140625 0.5296875 0.70625 0.5359375 0.696875 0.540625 0.6796875 0.546875 0.6703125
3 0.2484375 0.271875 0.2546875 0.2796875 0.25625 0.290625 0.2640625 0.3046875 0.2640625 0.3171875 0.2609375 0.328125 0.2546875 0.3390625 0.259375 0.3609375 0.2515625 0.378125 0.2484375 0.3625 0.2484375 0.3453125 0.2453125 0.334375 0.2421875 0.33125 0.234375 0.3328125 0.23125 0.33125 0.234375 0.303125 0.2375 0.296875 0.2375 0.284375 0.240625 0.2765625 0.246875 0.271875
3 0.5046875 0.1828125 0.509375 0.18125 0.5125 0.184375 0.5140625 0.1984375 0.51875 0.2109375 0.51875 0.2484375 0.5125 0.2625 0.509375 0.3125 0.5046875 0.3125 0.5015625 0.309375 0.4984375 0.3140625 0.4984375 0.3203125 0.4953125 0.321875 0.49375 0.3171875 0.4953125 0.315625 0.4984375 0.240625 0.4921875 0.2328125 0.4921875 0.215625 0.503125 0.1953125 0.5046875 0.184375
3 0.8359375 0.6484375 0.8421875 0.653125 0.8421875 0.6578125 0.85625 0.6703125 0.8671875 0.6859375 0.8734375 0.7078125 0.8765625 0.7421875 0.8734375 0.7515625 0.871875 0.775 0.865625 0.790625 0.865625 0.796875 0.859375 0.809375 0.8578125 0.8234375 0.853125 0.8375 0.853125 0.85 0.8484375 0.878125 0.84375 0.8890625 0.8421875 0.9 0.8296875 0.915625 0.8234375 0.9125 0.8234375 0.9046875 0.8296875 0.890625 0.8359375 0.8828125 0.8359375 0.8734375 0.840625 0.8546875 0.8421875 0.8078125 0.8390625 0.8046875 0.8359375 0.8078125 0.8359375 0.8125 0.8296875 0.8234375 0.8265625 0.8359375 0.8265625 0.846875 0.821875 0.85625 0.8140625 0.884375 0.796875 0.8875 0.7921875 0.8828125 0.7921875 0.8765625 0.7984375 0.86875 0.803125 0.8671875 0.809375 0.8609375 0.8125 0.85 0.8125 0.8390625 0.8171875 0.828125 0.81875 0.8109375 0.828125 0.7734375 0.8296875 0.7625 0.828125 0.746875 0.834375 0.74375 0.834375 0.7296875 0.83125 0.715625 0.828125 0.7109375 0.8203125 0.7171875 0.8140625 0.7296875 0.8109375 0.7515625 0.8046875 0.759375 0.8 0.75625 0.80625 0.7421875 0.8109375 0.7234375 0.8109375 0.70625 0.8171875 0.69375 0.81875 0.6671875 0.825 0.653125 0.8296875 0.6484375 0.834375 0.6484375
1 0.49375 0.234375 0.4984375 0.2390625 0.496875 0.2546875 0.490625 0.25625 0.4875 0.2515625 0.4875 0.24375 0.490625 0.2375 0.49375 0.2359375