2 0.115625 0.721875 0.121875 0.721875 0.1265625 0.7265625 0.1234375 0.7375 0.1171875 0.7390625 0.115625 0.7234375
2 0.14375 0.69375 0.1515625 0.7046875 0.1515625 0.7109375 0.14375 0.71875 0.1359375 0.7140625 0.1328125 0.7078125 0.134375 0.696875 0.1375 0.69375 0.1421875 0.69375
2 0.1046875 0.7515625 0.109375 0.7515625 0.1203125 0.759375 0.1203125 0.76875 0.1171875 0.771875 0.109375 0.771875 0.103125 0.765625 0.1046875 0.753125
2 0.1671875 0.690625 0.1703125 0.6984375 0.1703125 0.7109375 0.1640625 0.7203125 0.1578125 0.71875 0.1546875 0.7015625 0.15625 0.696875 0.165625 0.690625
2 0.33125 0.334375 0.334375 0.340625 0.3328125 0.35 0.33125 0.3515625 0.325 0.346875 0.325 0.340625 0.3296875 0.3359375
2 0.2741988640625 0.296027778125 0.2773551140625 0.2865260421875 0.273903409375 0.281199653125 0.2706491484375 0.27812673593750004 0.2673948859375 0.2783072921875 0.267987215625 0.2801145828125 0.27005823906250004 0.28300868125 0.2697613640625 0.2862638890625 0.26665625 0.2860833328125 0.267247159375 0.29150694375 0.2741988640625 0.296027778125
3 0.071875 0.0734375 0.0765625 0.0890625 0.075 0.0984375 0.0765625 0.1140625 0.0828125 0.1171875 0.078125 0.128125 0.078125 0.1734375 0.0765625 0.175 0.0765625 0.2125 0.084375 0.2234375 0.0828125 0.2265625 0.075 0.2265625 0.06875 0.2203125 0.0671875 0.16875 0.059375 0.15 0.05625 0.1328125 0.0578125 0.0984375 0.0625 0.0890625 0.0640625 0.075 0.0703125 0.0734375
3 0.159375 0.56875 0.1640625 0.575 0.1703125 0.59375 0.1859375 0.6046875 0.196875 0.6203125 0.196875 0.625 0.2015625 0.634375 0.203125 0.6484375 0.2015625 0.69375 0.1953125 0.7171875 0.1953125 0.74375 0.1921875 0.7453125 0.1890625 0.74375 0.1859375 0.7359375 0.1859375 0.728125 0.18125 0.7234375 0.1703125 0.7234375 0.1609375 0.734375 0.1359375 0.7453125 0.1328125 0.73125 0.134375 0.7125 0.125 0.7078125 0.11875 0.696875 0.1171875 0.6890625 0.1171875 0.678125 0.125 0.64375 0.125 0.634375 0.128125 0.6296875 0.1296875 0.61875 0.140625 0.60625 0.14375 0.5734375 0.1515625 0.5671875 0.1578125 0.56875
3 0.2671875 0.26875 0.2703125 0.2734375 0.271875 0.2859375 0.2796875 0.2953125 0.2796875 0.3 0.284375 0.3046875 0.2875 0.3140625 0.2859375 0.3328125 0.290625 0.340625 0.29375 0.3609375 0.29375 0.3703125 0.2921875 0.375 0.284375 0.38125 0.2828125 0.3953125 0.2828125 0.41875 0.284375 0.4203125 0.2828125 0.4875 0.2921875 0.5078125 0.290625 0.5171875 0.284375 0.5203125 0.2765625 0.5203125 0.271875 0.5125 0.265625 0.5109375 0.265625 0.4921875 0.2625 0.4859375 0.2609375 0.4734375 0.259375 0.4171875 0.2546875 0.40625 0.2546875 0.3875 0.253125 0.3859375 0.2546875 0.3828125 0.253125 0.371875 0.25 0.3671875 0.25 0.3515625 0.2484375 0.35 0.2484375 0.3234375 0.2578125 0.3015625 0.2546875 0.2890625 0.2546875 0.275 0.2609375 0.26875 0.265625 0.26875
3 0.075 0.6234375 0.08125 0.6234375 0.0921875 0.6390625 0.0921875 0.646875 0.0953125 0.6515625 0.09375 0.66875 0.103125 0.6859375 0.109375 0.7203125 0.1140625 0.7234375 0.1234375 0.7234375 0.1234375 0.734375 0.1203125 0.7375 0.1109375 0.7390625 0.10625 0.74375 0.1078125 0.75 0.115625 0.7546875 0.1203125 0.7609375 0.1203125 0.7671875 0.115625 0.771875 0.109375 0.771875 0.103125 0.765625 0.1 0.765625 0.0734375 0.7734375 0.065625 0.775 0.0625 0.7734375 0.05625 0.75 0.05 0.6984375 0.053125 0.6828125 0.059375 0.6734375 0.0625 0.6484375 0.0671875 0.6328125 0.075 0.625
3 0.3359375 0.2765625 0.34375 0.275 0.3484375 0.2796875 0.35 0.290625 0.3640625 0.3109375 0.3703125 0.33125 0.3703125 0.3375 0.3734375 0.3421875 0.3734375 0.353125 0.378125 0.3625 0.378125 0.3703125 0.371875 0.3921875 0.3671875 0.3953125 0.3578125 0.39375 0.3515625 0.3984375 0.346875 0.3984375 0.3453125 0.3640625 0.3390625 0.359375 0.328125 0.359375 0.3265625 0.3546875 0.328125 0.353125 0.3265625 0.340625 0.33125 0.334375 0.3328125 0.321875 0.3375 0.309375 0.3328125 0.2875 0.3359375 0.278125