1 0.553125 0.884375 0.5609375 0.8890625 0.5640625 0.89375 0.58125 0.9 0.5765625 0.9140625 0.5765625 0.934375 0.571875 0.94375 0.5671875 0.94375 0.559375 0.9359375 0.55 0.9328125 0.5421875 0.9265625 0.546875 0.884375 0.5484375 0.8828125 0.5515625 0.884375
2 0.5265625 0.88125 0.53125 0.8859375 0.53125 0.896875 0.528125 0.9078125 0.5234375 0.903125 0.521875 0.896875 0.525 0.8828125
2 0.48125 0.2765625 0.4859375 0.2828125 0.4828125 0.290625 0.4765625 0.290625 0.4765625 0.284375 0.4796875 0.278125
2 0.1515625 0.621875 0.1546875 0.6234375 0.1546875 0.6359375 0.1515625 0.64375 0.1453125 0.646875 0.140625 0.6421875 0.140625 0.6328125 0.15 0.6234375
2 0.5109375 0.2859375 0.5125 0.29375 0.509375 0.296875 0.5046875 0.290625 0.509375 0.2859375
2 0.61171875 0.93203125 0.01015625 0.02421875
2 0.1234375 0.6046875 0.125 0.6078125 0.1234375 0.628125 0.11875 0.6265625 0.11875 0.6140625 0.121875 0.60625
3 0.5890625 0.7265625 0.596875 0.73125 0.5984375 0.7625 0.6 0.76875 0.6078125 0.7796875 0.6078125 0.7875 0.6140625 0.8 0.6140625 0.83125 0.615625 0.8328125 0.6140625 0.9359375 0.6125 0.9421875 0.609375 0.9421875 0.60625 0.8875 0.603125 0.88125 0.5984375 0.884375 0.6 0.9015625 0.596875 0.925 0.5921875 0.9375 0.590625 0.9546875 0.584375 0.9640625 0.5734375 0.9609375 0.56875 0.965625 0.5625 0.9984375 0.553125 0.9984375 0.55 0.9921875 0.55 0.9734375 0.5515625 0.971875 0.55 0.93125 0.5578125 0.934375 0.5640625 0.9421875 0.56875 0.94375 0.575 0.9421875 0.578125 0.9359375 0.578125 0.9140625 0.5796875 0.9125 0.578125 0.903125 0.5796875 0.9015625 0.5640625 0.89375 0.5609375 0.8890625 0.5546875 0.8859375 0.5515625 0.8859375 0.546875 0.89375 0.546875 0.8734375 0.5484375 0.871875 0.546875 0.8625 0.5375 0.871875 0.53125 0.8859375 0.5296875 0.9046875 0.5265625 0.9046875 0.5234375 0.9 0.5234375 0.8859375 0.528125 0.8765625 0.5359375 0.8421875 0.5421875 0.8296875 0.5421875 0.8234375 0.546875 0.8125 0.546875 0.8046875 0.553125 0.7921875 0.5625 0.784375 0.5640625 0.7734375 0.571875 0.7609375 0.575 0.7328125 0.5875 0.7265625
3 0.128125 0.484375 0.13125 0.484375 0.1375 0.490625 0.1390625 0.5015625 0.1453125 0.5109375 0.1453125 0.515625 0.159375 0.5296875 0.165625 0.54375 0.1703125 0.5796875 0.1703125 0.6265625 0.175 0.659375 0.1765625 0.6640625 0.1921875 0.678125 0.19375 0.690625 0.1984375 0.6984375 0.1984375 0.7140625 0.196875 0.71875 0.1921875 0.71875 0.1875 0.7078125 0.1875 0.7015625 0.171875 0.690625 0.1578125 0.675 0.1546875 0.6765625 0.159375 0.7203125 0.165625 0.7359375 0.16875 0.7546875 0.1609375 0.7640625 0.1546875 0.7765625 0.1484375 0.7734375 0.15 0.7640625 0.1546875 0.75625 0.1546875 0.7421875 0.14375 0.69375 0.140625 0.6875 0.134375 0.6359375 0.128125 0.6171875 0.1296875 0.609375 0.128125 0.5578125 0.125 0.5296875 0.1203125 0.5171875 0.1203125 0.503125 0.125 0.4890625 0.128125 0.4859375
3 0.4703125 0.1046875 0.4734375 0.1078125 0.4734375 0.128125 0.475 0.1296875 0.4671875 0.134375 0.459375 0.134375 0.4546875 0.128125 0.45625 0.1203125 0.46875 0.10625
3 0.503125 0.2109375 0.50625 0.2171875 0.50625 0.228125 0.5140625 0.240625 0.5171875 0.2578125 0.5171875 0.275 0.5140625 0.290625 0.509375 0.296875 0.5015625 0.2875 0.48125 0.2828125 0.478125 0.278125 0.4796875 0.2578125 0.4828125 0.2515625 0.484375 0.2375 0.49375 0.225 0.4953125 0.2125 0.5015625 0.2109375
3 0.4953125 0.1546875 0.5 0.1546875 0.5015625 0.1578125 0.5015625 0.171875 0.50625 0.178125 0.50625 0.209375 0.5015625 0.2078125 0.49375 0.209375 0.4890625 0.1984375 0.4828125 0.19375 0.484375 0.184375 0.4921875 0.175 0.4953125 0.15625