0 0.4606519890625 0.9546302078125001 0.46808806875000003 0.9596406249999999 0.47449857968750003 0.9546302078125001 0.46424147656250003 0.9370885421875 0.4596264203125 0.937715278125 0.4586008515625 0.940534721875 0.45988352343749994 0.9452326390625 0.45783096562500003 0.9480520828125 0.45372869375 0.9483645828125 0.4498821015625 0.945546875 0.44757528437499994 0.943980903125 0.44231818125 0.9445815968750001 0.43808806875000006 0.9565086812500001 0.44372869374999996 0.968097221875 0.44834375 0.9806267359374999 0.4514204546875 0.9753020828125001 0.461421875 0.97028993125 0.4596264203125 0.964652778125 0.45372869375 0.964652778125 0.44962642031250005 0.9618333328125 0.44936931874999997 0.9568229171875 0.4606519890625 0.9546302078125001
2 0.665625 0.7984375 0.6703125 0.8015625 0.6703125 0.8046875 0.675 0.809375 0.675 0.8140625 0.665625 0.821875 0.6609375 0.821875 0.6578125 0.81875 0.6578125 0.803125 0.6640625 0.8
2 0.45625 0.9296875 0.4609375 0.934375 0.4625 0.940625 0.45625 0.9484375 0.453125 0.9484375 0.4484375 0.9421875 0.4484375 0.934375 0.45 0.93125 0.4546875 0.9296875
2 0.3421875 0.76875 0.34375 0.771875 0.3421875 0.7984375 0.3390625 0.8015625 0.3359375 0.7984375 0.3359375 0.784375 0.3375 0.775 0.340625 0.7703125
2 0.3546875 0.784375 0.3578125 0.7875 0.3578125 0.8 0.35 0.8078125 0.3421875 0.8078125 0.340625 0.7984375 0.34375 0.7921875 0.34375 0.7859375 0.346875 0.7828125 0.353125 0.784375
2 0.9796875 0.7796875 0.9828125 0.7859375 0.9828125 0.825 0.98125 0.828125 0.978125 0.828125 0.9734375 0.8171875 0.975 0.790625 0.9796875 0.78125
2 0.4603039765625 0.965831596875 0.46102272656250004 0.9710954859375001 0.45642613593750003 0.9735520828125 0.45096732968750003 0.9800434031249999 0.45326562499999995 0.9830260421875 0.46288920468750006 0.980394096875 0.46928125 0.9660399312499999 0.46863494375 0.9607430562499999 0.4647571015625 0.9588125 0.461309659375 0.9558298609375001 0.4584360796875 0.95618055625 0.45326562499999995 0.956706596875 0.44981818125000006 0.9577604171875 0.453409090625 0.9617951390625 0.45814914843750004 0.9628489578125 0.4603039765625 0.965831596875
1 0.6125 0.75625 0.6078125 0.7734375 0.6078125 0.7828125 0.603125 0.790625 0.603125 0.803125 0.6078125 0.8140625 0.6109375 0.8171875 0.615625 0.8171875 0.615625 0.821875 0.6125 0.825 0.6125 0.85 0.615625 0.8609375 0.6140625 0.86875 0.609375 0.875 0.59375 0.8796875 0.590625 0.8828125 0.584375 0.8828125 0.578125 0.8765625 0.5765625 0.853125 0.5796875 0.8234375 0.584375 0.8171875 0.584375 0.8109375 0.590625 0.7953125 0.6015625 0.784375 0.6015625 0.7796875 0.60625 0.771875 0.609375 0.7578125 0.6109375 0.7578125
1 0.4953125 0.246875 0.4984375 0.2546875 0.4984375 0.28125 0.4953125 0.2828125 0.484375 0.28125 0.484375 0.2453125 0.490625 0.24375 0.49375 0.246875
3 0.4890625 0.1296875 0.490625 0.1453125 0.4953125 0.1546875 0.4953125 0.1640625 0.4984375 0.1703125 0.4984375 0.1796875 0.49375 0.1921875 0.4875 0.1984375 0.484375 0.2203125 0.478125 0.221875 0.4765625 0.2203125 0.475 0.1640625 0.478125 0.15 0.484375 0.14375 0.484375 0.13125 0.4875 0.1296875
3 0.4515625 0.253125 0.4671875 0.2578125 0.4796875 0.2890625 0.4796875 0.315625 0.4703125 0.340625 0.4703125 0.3953125 0.4671875 0.396875 0.45625 0.3953125 0.4546875 0.3859375 0.4546875 0.3828125 0.4609375 0.375 0.4609375 0.3453125 0.4578125 0.3375 0.4578125 0.325 0.4515625 0.2984375 0.4515625 0.2578125 0.45 0.2546875
3 0.59375 0.6984375 0.60625 0.696875 0.609375 0.7 0.6140625 0.7234375 0.6109375 0.7515625 0.6234375 0.7578125 0.6390625 0.80625 0.6484375 0.8078125 0.6640625 0.8 0.6703125 0.8046875 0.6703125 0.815625 0.665625 0.8203125 0.659375 0.8203125 0.6546875 0.825 0.6546875 0.8296875 0.6484375 0.8328125 0.6328125 0.83125 0.6234375 0.8328125 0.6234375 0.846875 0.6203125 0.8625 0.615625 0.86875 0.615625 0.8875 0.6140625 0.8890625 0.6171875 0.903125 0.6109375 0.9359375 0.6109375 0.95 0.6078125 0.95625 0.6078125 0.9796875 0.603125 0.9984375 0.5921875 0.9984375 0.5875 0.99375 0.5890625 0.9890625 0.5875 0.98125 0.5921875 0.9734375 0.5921875 0.9375 0.59375 0.9359375 0.59375 0.9109375 0.5890625 0.8953125 0.584375 0.89375 0.5765625 0.903125 0.575 0.909375 0.5640625 0.91875 0.55625 0.9359375 0.5515625 0.95625 0.553125 0.9609375 0.55 0.9640625 0.5453125 0.9640625 0.540625 0.9609375 0.5328125 0.9453125 0.53125 0.9265625 0.5359375 0.9171875 0.540625 0.9203125 0.546875 0.9171875 0.5515625 0.9078125 0.5515625 0.9015625 0.5609375 0.884375 0.5625 0.871875 0.575 0.8546875 0.5765625 0.8390625 0.5734375 0.8328125 0.575 0.8234375 0.5703125 0.80625 0.56875 0.7828125 0.575 0.7625 0.58125 0.7546875 0.5890625 0.7515625 0.5921875 0.746875 0.5890625 0.7359375 0.5890625 0.709375 0.59375 0.7
3 0.8875 0.5265625 0.89375 0.528125 0.896875 0.5328125 0.896875 0.5375 0.8890625 0.5453125 0.890625 0.55625 0.8890625 0.5890625 0.8828125 0.6109375 0.8765625 0.6234375 0.8765625 0.6296875 0.8734375 0.6359375 0.8734375 0.6484375 0.86875 0.653125 0.86875 0.6625 0.8625 0.690625 0.8625 0.7046875 0.8578125 0.7125 0.8515625 0.75 0.8453125 0.753125 0.834375 0.7390625 0.834375 0.73125 0.8453125 0.7265625 0.8515625 0.7140625 0.853125 0.6828125 0.8484375 0.6765625 0.8421875 0.6859375 0.840625 0.696875 0.8296875 0.7109375 0.8265625 0.734375 0.8171875 0.734375 0.815625 0.73125 0.8125 0.73125 0.8078125 0.7265625 0.80625 0.7203125 0.8078125 0.7140625 0.8140625 0.7140625 0.8265625 0.7046875 0.834375 0.6671875 0.840625 0.65625 0.8453125 0.6375 0.85625 0.6125 0.8546875 0.603125 0.8453125 0.59375 0.8421875 0.575 0.8390625 0.5703125 0.8390625 0.5609375 0.8453125 0.559375 0.85 0.5609375 0.8515625 0.5640625 0.859375 0.5640625 0.8609375 0.5609375 0.8671875 0.559375 0.875 0.5484375 0.878125 0.534375 0.88125 0.5296875 0.8859375 0.528125
3 0.2203125 0.7390625 0.23125 0.7453125 0.2359375 0.759375 0.2328125 0.784375 0.2328125 0.809375 0.2421875 0.8203125 0.2484375 0.8234375 0.2578125 0.8375 0.2671875 0.8640625 0.26875 0.8765625 0.2671875 0.8828125 0.2625 0.8875 0.2625 0.91875 0.265625 0.9390625 0.2734375 0.953125 0.2796875 0.9765625 0.2796875 0.9984375 0.26875 0.9984375 0.2578125 0.9671875 0.2546875 0.9640625 0.2515625 0.96875 0.253125 0.996875 0.24375 0.9984375 0.2390625 0.9828125 0.2375 0.9640625 0.2234375 0.94375 0.2140625 0.903125 0.20625 0.8875 0.203125 0.8609375 0.2 0.853125 0.1984375 0.825 0.203125 0.8046875 0.2125 0.796875 0.2140625 0.7921875 0.2109375 0.7625 0.2140625 0.746875 0.21875 0.740625
3 0.484375 0.778125 0.4875 0.7796875 0.496875 0.79375 0.4984375 0.83125 0.5125 0.8484375 0.521875 0.86875 0.521875 0.875 0.5265625 0.8859375 0.525 0.94375 0.5234375 0.9453125 0.5234375 0.9953125 0.521875 0.9984375 0.4546875 0.9984375 0.45625 0.9828125 0.465625 0.9765625 0.4703125 0.959375 0.46875 0.946875 0.45625 0.934375 0.4515625 0.9390625 0.4484375 0.9265625 0.4515625 0.9125 0.453125 0.8671875 0.45625 0.859375 0.45625 0.8359375 0.4609375 0.8296875 0.4640625 0.8171875 0.4640625 0.7953125 0.46875 0.7859375 0.475 0.7796875 0.4828125 0.778125
3 0.984375 0.6515625 0.9921875 0.65 0.9953125 0.6546875 0.9953125 0.690625 0.9921875 0.6984375 0.9921875 0.7125 0.984375 0.74375 0.9828125 0.765625 0.9796875 0.7765625 0.98125 0.821875 0.9765625 0.825 0.975 0.8234375 0.9734375 0.81875 0.975 0.809375 0.9703125 0.803125 0.9671875 0.8046875 0.9640625 0.8109375 0.9640625 0.8171875 0.9703125 0.825 0.96875 0.828125 0.9734375 0.8296875 0.9734375 0.8328125 0.965625 0.8546875 0.9515625 0.8734375 0.9515625 0.878125 0.9359375 0.896875 0.9296875 0.9109375 0.928125 0.9234375 0.9234375 0.928125 0.915625 0.9265625 0.909375 0.9171875 0.9078125 0.9078125 0.909375 0.8875 0.91875 0.8671875 0.91875 0.85625 0.925 0.8640625 0.9296875 0.85625 0.9328125 0.8234375 0.9375 0.8125 0.94375 0.7765625 0.953125 0.74375 0.9546875 0.728125 0.953125 0.6953125 0.959375 0.68125 0.96875 0.671875 0.96875 0.66875 0.975 0.66875 0.9796875 0.6640625 0.984375 0.653125
3 0.3578125 0.7328125 0.3625 0.7328125 0.3734375 0.74375 0.3734375 0.75 0.378125 0.759375 0.3890625 0.7734375 0.39375 0.790625 0.39375 0.8984375 0.3890625 0.90625 0.3890625 0.9359375 0.3953125 0.953125 0.396875 0.96875 0.396875 0.990625 0.38125 0.9921875 0.371875 0.9859375 0.3703125 0.9796875 0.38125 0.971875 0.38125 0.9625 0.378125 0.9484375 0.375 0.94375 0.375 0.9359375 0.3671875 0.9234375 0.3640625 0.9078125 0.3640625 0.89375 0.3609375 0.8890625 0.3578125 0.871875 0.3546875 0.8671875 0.3515625 0.853125 0.3484375 0.85 0.33125 0.85 0.328125 0.846875 0.3296875 0.8265625 0.3375 0.809375 0.3375 0.7828125 0.3390625 0.7734375 0.3421875 0.7703125 0.34375 0.74375 0.3484375 0.7375 0.3578125 0.734375
3 0.4953125 0.1921875 0.4984375 0.1953125 0.5 0.20625 0.4984375 0.221875 0.50625 0.2375 0.4984375 0.2578125 0.4984375 0.2984375 0.503125 0.3109375 0.503125 0.3234375 0.5 0.325 0.4953125 0.321875 0.4921875 0.3296875 0.4875 0.3296875 0.484375 0.325 0.4859375 0.321875 0.484375 0.2421875 0.4890625 0.1984375 0.49375 0.19375