2 0.5482585234374999 0.346965278125 0.5484701703125 0.3400052078125 0.5415113640625 0.3405208328125 0.541299715625 0.349027778125 0.5488906250000001 0.352637153125 0.5482585234374999 0.346965278125
2 0.503768465625 0.3467083328125 0.5065085234375 0.3400052078125 0.5094616484375 0.3299513890625 0.5046889203125 0.32568055625 0.5029247156250001 0.3289201390625 0.5006051140625 0.33845833281250004 0.503768465625 0.3467083328125
2 0.4790980109375 0.24469618125 0.47614630625 0.2428923609375 0.4734048296875 0.24778993124999998 0.47551278437500005 0.24933680625000001 0.4807855109375 0.24882118125 0.4790980109375 0.24469618125
0 0.47951988593749995 0.25088368125 0.478465909375 0.24933680625000001 0.47572443125 0.250625 0.47488068125 0.25139930625 0.4727727265625 0.25861631875 0.4723508515625 0.26351562500000003 0.476356534375 0.26196875 0.47951988593749995 0.25088368125
3 0.48125 0.1140625 0.4875 0.125 0.4828125 0.184375 0.4796875 0.1828125 0.4765625 0.165625 0.475 0.13125 0.48125 0.115625
3 0.534375 0.246875 0.5375 0.2546875 0.5375 0.2671875 0.5453125 0.2828125 0.546875 0.328125 0.5390625 0.346875 0.5390625 0.353125 0.5359375 0.35625 0.5375 0.3578125 0.5359375 0.36875 0.5375 0.403125 0.5359375 0.40625 0.5328125 0.40625 0.53125 0.3953125 0.5296875 0.39375 0.528125 0.3953125 0.525 0.4078125 0.525 0.425 0.5234375 0.4296875 0.51875 0.4328125 0.515625 0.4109375 0.5140625 0.3359375 0.5078125 0.328125 0.5078125 0.3234375 0.5109375 0.3203125 0.5125 0.3046875 0.515625 0.296875 0.515625 0.2828125 0.521875 0.271875 0.525 0.25 0.528125 0.246875 0.5328125 0.246875
3 0.46875 0.175 0.471875 0.1765625 0.4734375 0.18125 0.4734375 0.1890625 0.46875 0.196875 0.4734375 0.2078125 0.471875 0.228125 0.4765625 0.24375 0.4765625 0.246875 0.471875 0.2484375 0.4671875 0.271875 0.4671875 0.3015625 0.471875 0.3078125 0.471875 0.3125 0.4625 0.3125 0.4578125 0.2875 0.459375 0.2046875 0.4625 0.196875 0.4625 0.18125 0.4640625 0.1765625 0.4671875 0.175
3 0.490625 0.1859375 0.4953125 0.1859375 0.496875 0.1890625 0.4984375 0.2109375 0.5015625 0.215625 0.5015625 0.2515625 0.4984375 0.25625 0.5015625 0.2859375 0.4984375 0.29375 0.496875 0.3140625 0.4953125 0.315625 0.484375 0.3140625 0.484375 0.3078125 0.490625 0.3 0.490625 0.271875 0.4875 0.2546875 0.4875 0.234375 0.484375 0.221875 0.484375 0.2109375 0.4875 0.2078125 0.4875 0.19375 0.490625 0.1875
3 0.5328125 0.215625 0.5359375 0.2171875 0.5390625 0.225 0.5390625 0.240625 0.5359375 0.246875 0.528125 0.2453125 0.5234375 0.25 0.5234375 0.2546875 0.5140625 0.278125 0.5140625 0.29375 0.509375 0.3078125 0.50625 0.328125 0.5046875 0.328125 0.5046875 0.303125 0.5 0.2921875 0.5015625 0.28125 0.5 0.25625 0.5125 0.24375 0.515625 0.2390625 0.515625 0.2328125 0.53125 0.2171875
3 0.45625 0.1515625 0.4609375 0.1546875 0.4609375 0.165625 0.4640625 0.1703125 0.4640625 0.175 0.4609375 0.178125 0.4609375 0.196875 0.4578125 0.2046875 0.4578125 0.2390625 0.45625 0.240625 0.4578125 0.2984375 0.45625 0.3 0.45 0.296875 0.45 0.2453125 0.453125 0.2421875 0.453125 0.2140625 0.4484375 0.2078125 0.446875 0.196875 0.4484375 0.178125 0.453125 0.16875 0.4546875 0.153125
3 0.28671875 0.26484375 0.0171875 0.078125
3 0.303125 0.1890625 0.3109375 0.2 0.309375 0.2375 0.303125 0.24375 0.296875 0.2453125 0.296875 0.2046875 0.2984375 0.203125 0.296875 0.2 0.303125 0.190625