0 0.44863068124999994 0.5746892359375 0.45232528437499997 0.5741267359375 0.4509389203125 0.5634079859375001 0.4430894890625 0.5679201390624999 0.4350071015625 0.570902778125 0.4412414765625 0.585972221875 0.4463210234375 0.5831510421874999 0.44863068124999994 0.5746892359375
2 0.35 0.784375 0.35625 0.7875 0.3578125 0.790625 0.3578125 0.8015625 0.35 0.8078125 0.3453125 0.8078125 0.340625 0.8 0.340625 0.7921875 0.3484375 0.784375
2 0.8765625 0.88125 0.878125 0.896875 0.8671875 0.9078125 0.8640625 0.9078125 0.8609375 0.903125 0.8609375 0.8953125 0.875 0.88125
2 0.34140625 0.78203125 0.0125 0.0296875
2 0.509375 0.34140625 0.00703125 0.015625
2 0.44032954531249996 0.599065971875 0.4482727265625 0.5978003468749999 0.45138068125 0.591050346875 0.4531079546875 0.581769096875 0.4491363640625 0.5782795140625 0.44343750000000004 0.587253471875 0.43929403437500003 0.591894096875 0.44032954531249996 0.599065971875
2 0.44896306875 0.567003471875 0.4503451703125 0.558565971875 0.443955965625 0.556753471875 0.4375667609375 0.568269096875 0.437221590625 0.570378471875 0.44412784062500005 0.567003471875 0.44896306875 0.567003471875
2 0.5584417609375001 0.49217187500000004 0.5532613640624999 0.491862846875 0.5525710234375001 0.499456596875 0.5563693187500001 0.504519096875 0.5601676140625 0.501987846875 0.5584417609375001 0.49217187500000004
1 0.554296875 0.5142204859375 0.55878693125 0.504940971875 0.5518792609375 0.502409721875 0.54963494375 0.485206596875 0.5508437500000001 0.49776909687500004 0.53633806875 0.500722221875 0.528049715625 0.500722221875 0.5232144890625 0.49565972187499996 0.5204517046875 0.49439409687499997 0.5194161937499999 0.49861284687499996 0.52874005625 0.5239236109375 0.5404829546875 0.5239236109375 0.5477357953124999 0.5197048609375 0.554296875 0.5142204859375
1 0.34466619375 0.8899270828124999 0.346565340625 0.8910572921875 0.3557173296875 0.9097552078125 0.3612428984375 0.9101770828125 0.36400568125 0.9013177078125001 0.366768465625 0.8911927078125 0.38783522656249997 0.83424131875 0.36262357968750003 0.8954114578124999 0.3591704546875 0.8920364578125 0.3529545453125 0.8810677078125 0.3491548296875 0.8819114578124999 0.34466619375 0.8899270828124999
3 0.34659090937500003 0.7430555562500001 0.33664772656249997 0.777777778125 0.33664772656249997 0.8038194437499999 0.32670454531250004 0.824652778125 0.32528409062499997 0.84375 0.33806818125000004 0.8524305562500001 0.375 0.9791666671874999 0.39630681874999996 0.9895833328125001 0.38920454531250004 0.9201388890625 0.39630681874999996 0.8732638890625 0.3948863640625 0.793402778125 0.36931818125000004 0.734375 0.35795454531250004 0.7291666671875 0.34659090937500003 0.7430555562500001
3 0.8821022734374999 0.7760416671875 0.8778409093749999 0.7517361109375 0.8636363640625 0.7447916671875 0.84943181875 0.777777778125 0.83806818125 0.78125 0.8267045453125 0.8020833328125001 0.8210227265625001 0.8385416671874999 0.7954545453125 0.9201388890625 0.7542613640625 0.9982638890625 0.8252840906250001 0.9982638890625 0.8267045453125 0.9756944437499999 0.8465909093749999 0.921875 0.8764204546875 0.8993055562500001 0.8778409093749999 0.8854166671874999 0.859375 0.8125 0.8821022734374999 0.7760416671875
3 0.497159090625 0.5677083328125 0.497159090625 0.5329861109375 0.48863636406250005 0.4947916671875 0.49289772656249997 0.45659722187499996 0.484375 0.44444444375 0.47017045468749996 0.453125 0.46164772656249997 0.515625 0.4375 0.5677083328125 0.43892045468749996 0.590277778125 0.45170454531250004 0.597222221875 0.45738636406250005 0.6197916671875 0.45738636406250005 0.7638888890625 0.471590909375 0.7604166671875 0.48295454531250004 0.746527778125 0.487215909375 0.6354166671875 0.497159090625 0.5677083328125
3 0.5426136359375 0.41493055625 0.5440340906250001 0.390625 0.5369318187500001 0.3802083328125 0.5241477265625 0.38368055624999997 0.5227272734375 0.43402777812500004 0.5142045453125 0.46006944375 0.5170454546875 0.5381944437499999 0.5056818187500001 0.5850694437499999 0.5241477265625 0.5850694437499999 0.5397727265625 0.59375 0.5440340906250001 0.590277778125 0.5397727265625 0.5260416671875 0.5497159093749999 0.5173611109375 0.5568181812499999 0.4982638890625 0.5596590906250001 0.453125 0.5426136359375 0.41493055625
3 0.46306818125 0.3541666671875 0.47301136406250005 0.36805555624999997 0.471590909375 0.4201388890625 0.487215909375 0.44444444375 0.49573863593749995 0.3697916671875 0.5099431812499999 0.3454861109375 0.49431818125 0.265625 0.484375 0.265625 0.46448863593749995 0.3125 0.46306818125 0.3541666671875
3 0.5056818187500001 0.23263888906250002 0.49573863593749995 0.1666666671875 0.48863636406250005 0.16493055625 0.481534090625 0.19097222187500001 0.48295454531250004 0.26215277812500004 0.49431818125 0.2673611109375 0.5056818187500001 0.23263888906250002