0 0.44115909062499997 0.487625 0.43827556875000007 0.4844548609375 0.4336605109375 0.48375 0.43308238593750004 0.4809322921875 0.4276022734375 0.4721232640625 0.42241051093750004 0.47423784687500004 0.4222670453125 0.48032291718750003 0.4351022734375 0.494671875 0.44115909062499997 0.487625
0 0.4619261359375 0.511230903125 0.4656761359375 0.5027760421874999 0.4636576703125 0.49608159687500003 0.459330965625 0.494671875 0.4610610796875 0.4883298609375 0.4561576703125 0.486921875 0.44736079531249995 0.49671527812500005 0.45586931875000003 0.514402778125 0.4619261359375 0.511230903125
2 0.434375 0.478125 0.4421875 0.4765625 0.44375 0.4828125 0.4421875 0.4890625 0.4359375 0.4921875 0.4328125 0.4828125 0.434375 0.4796875
2 0.046875 0.7546875 0.05 0.75625 0.053125 0.7625 0.053125 0.78125 0.05 0.78125 0.0421875 0.7671875 0.0453125 0.75625
2 0.1078125 0.9796875 0.1109375 0.984375 0.1109375 0.99375 0.103125 0.9984375 0.0984375 0.9953125 0.096875 0.9890625 0.10625 0.9796875
2 0.4719914765625 0.5107899312499999 0.4715553984375 0.49923263906250004 0.46413210156250007 0.49078819375 0.45954829531249997 0.49105555624999997 0.45932954531250003 0.49478819375 0.46413210156250007 0.4963888890625 0.4654417609375 0.499855903125 0.4654417609375 0.5051892359375 0.45954829531249997 0.5139895828125 0.46958948906250003 0.513456596875 0.4719914765625 0.5107899312499999
3 0.034090909375 0.890625 0.05681818125 0.996527778125 0.1178977265625 0.9947916671874999 0.11931818125 0.9791666671874999 0.09232954531250001 0.8975694437499999 0.0738636359375 0.8802083328125001 0.0738636359375 0.862847221875 0.055397726562500006 0.8420138890625 0.03693181875 0.8454861109375 0.034090909375 0.890625
3 0 0.7482638890625 0.007102273437499999 0.796875 0.034090909375 0.8489583328125001 0.051136364062499995 0.8385416671874999 0.0667613640625 0.8576388890625 0.05681818125 0.831597221875 0.051136364062499995 0.762152778125 0.04119318125 0.7517361109375 0.028409090625 0.71875 0.018465909375 0.6493055562500001 0.0042613640625 0.6319444437499999 0 0.6336805562500001 0 0.7482638890625
3 0.14346590937499998 0.6649305562500001 0.125 0.6510416671875 0.11221590937499999 0.6232638890625 0.1008522734375 0.5642361109375 0.09517045468749999 0.5625 0.0866477265625 0.5729166671875 0.09517045468749999 0.6666666671875 0.1079545453125 0.7239583328125 0.125 0.7604166671875 0.14204545468750002 0.8506944437499999 0.17045454531249998 0.8680555562500001 0.18465909062500002 0.855902778125 0.18607954531249998 0.84375 0.1803977265625 0.840277778125 0.13778409062500002 0.6892361109375 0.14346590937499998 0.6649305562500001
3 0.234375 0.7725694437499999 0.231534090625 0.7586805562500001 0.2457386359375 0.75 0.231534090625 0.5625 0.2258522734375 0.5486111109375 0.2144886359375 0.5451388890625 0.1988636359375 0.5069444437499999 0.18607954531249998 0.5086805562500001 0.1832386359375 0.5173611109375 0.1875 0.5572916671875 0.1789772734375 0.5868055562500001 0.1875 0.6006944437499999 0.18607954531249998 0.6579861109375 0.203125 0.675347221875 0.21306818125000002 0.7118055562500001 0.21875 0.7517361109375 0.2116477265625 0.765625 0.2301136359375 0.777777778125 0.234375 0.7725694437499999
3 0.47727272656249997 0.6336805562500001 0.487215909375 0.640625 0.48295454531250004 0.659722221875 0.49005681875 0.6614583328125 0.5014204546875 0.6475694437499999 0.49431818125 0.5538194437499999 0.5028409093749999 0.519097221875 0.5014204546875 0.44618055625 0.47585227343750003 0.38368055624999997 0.45880681875 0.3923611109375 0.46306818125 0.4479166671875 0.453125 0.46875 0.43039772656249997 0.4826388890625 0.44744318125 0.48784722187499996 0.450284090625 0.4982638890625 0.46022727343750003 0.5052083328125 0.455965909375 0.5225694437499999 0.46306818125 0.621527778125 0.453125 0.6423611109375 0.47727272656249997 0.6336805562500001
3 0.5042613640625 0.140625 0.49857954531250004 0.25347222187499996 0.5127840906250001 0.25868055624999997 0.5213068187500001 0.15972222187500001 0.5085227265625 0.1354166671875 0.5042613640625 0.140625
3 0.16193181875 0.46180555625 0.1633522734375 0.4375 0.15767045468750002 0.4201388890625 0.1491477265625 0.41493055625 0.13920454531249998 0.43402777812500004 0.14346590937499998 0.4513888890625 0.13778409062500002 0.47569444375 0.13920454531249998 0.5225694437499999 0.15909090937499998 0.5711805562500001 0.171875 0.6701388890625 0.1789772734375 0.659722221875 0.1761363640625 0.628472221875 0.18181818125 0.6232638890625 0.17471590937499998 0.4895833328125 0.16193181875 0.46180555625
3 0.48011363593749995 0.40277777812500004 0.49431818125 0.41840277812500004 0.47443181875 0.359375 0.46448863593749995 0.3576388890625 0.45738636406250005 0.36631944375000003 0.455965909375 0.3923611109375 0.47443181875 0.3854166671875 0.48011363593749995 0.40277777812500004