2 0.5921875 0.778125 0.596875 0.7796875 0.603125 0.7890625 0.6015625 0.8 0.59375 0.7984375 0.590625 0.7796875
2 0.59375 0.5265625 0.5953125 0.5390625 0.5921875 0.54375 0.5875 0.5359375 0.5890625 0.528125 0.5921875 0.5265625
2 0.353125 0.7671875 0.353125 0.784375 0.3453125 0.7921875 0.3390625 0.7921875 0.3390625 0.775 0.34375 0.7671875 0.3515625 0.7671875
2 0.5671875 0.8390625 0.571875 0.8421875 0.5734375 0.846875 0.5671875 0.859375 0.5625 0.859375 0.5609375 0.85625 0.55625 0.85625 0.546875 0.85 0.55 0.840625 0.565625 0.8390625
2 0.4640625 0.646875 0.471875 0.646875 0.475 0.65 0.4734375 0.6609375 0.4609375 0.6671875 0.4578125 0.665625 0.4578125 0.6578125 0.4640625 0.6484375
3 0.5696022734375 0.980902778125 0.5539772734375 0.9583333328125001 0.5511363640625 0.9444444437499999 0.5553977265625 0.8958333328125001 0.5596590906250001 0.8767361109375 0.5667613640625 0.871527778125 0.5795454546875 0.8072916671874999 0.5880681812499999 0.796875 0.6008522734375 0.7951388890625 0.6008522734375 0.784722221875 0.5838068187500001 0.765625 0.5696022734375 0.6875 0.5625 0.6788194437499999 0.5497159093749999 0.6875 0.5454545453125 0.7199079859374999 0.5255681812499999 0.7569444437499999 0.5213068187500001 0.7795138890625 0.5170454546875 0.809027778125 0.5198863640625 0.8611111109375 0.5014204546875 0.8923611109375 0.5028409093749999 0.918402778125 0.5113636359375 0.934027778125 0.5369318187500001 0.940972221875 0.5426136359375 0.9774305562500001 0.5539772734375 0.9913194437499999 0.5667613640625 0.9947916671874999 0.5696022734375 0.980902778125
3 0.46875 0.762152778125 0.481534090625 0.75 0.47869318125 0.6510416671875 0.48863636406250005 0.5625 0.47585227343750003 0.4548611109375 0.46306818125 0.453125 0.45170454531250004 0.4791666671875 0.42613636406250005 0.503472221875 0.41193181875 0.5052083328125 0.41051136406250005 0.527777778125 0.43394886406250005 0.53125 0.44460227343750003 0.5572916671875 0.440340909375 0.59375 0.45454545468749996 0.7118055562500001 0.44176136406250005 0.71875 0.440340909375 0.730902778125 0.455965909375 0.7447916671875 0.455965909375 0.762152778125 0.46875 0.762152778125
3 0.5639204546875 0.59375 0.5852272734375 0.5833333328125 0.5980113640625 0.512152778125 0.5994318187500001 0.46875 0.5880681812499999 0.4114583328125 0.5809659093749999 0.4010416671875 0.5696022734375 0.4114583328125 0.5653409093749999 0.46527777812500004 0.5582386359375 0.4861111109375 0.5639204546875 0.59375
3 0.39772727343750003 0.8524305562500001 0.39630681874999996 0.7951388890625 0.36931818125000004 0.722222221875 0.3551136359375 0.7274305562500001 0.35227272656249997 0.753472221875 0.33806818125000004 0.777777778125 0.33096590937500003 0.8142361109375 0.32954545468749996 0.8454861109375 0.35085227343750003 0.8506944437499999 0.35369318125000004 0.859375 0.359375 0.9045138890625 0.37642045468749996 0.9513888890625 0.375 0.9774305562500001 0.39346590937500003 0.9895833328125001 0.39630681874999996 0.9791666671874999 0.3863636359375 0.918402778125 0.39772727343750003 0.8524305562500001
3 0.5071022734375 0.40277777812500004 0.497159090625 0.44097222187499996 0.481534090625 0.4670138890625 0.48011363593749995 0.4982638890625 0.49147727343750003 0.543402778125 0.49431818125 0.637152778125 0.5142045453125 0.6649305562500001 0.5213068187500001 0.6302083328125 0.5269886359375 0.53125 0.5397727265625 0.5104166671875 0.5355113640625 0.46875 0.5184659093749999 0.4010416671875 0.5071022734375 0.40277777812500004
3 0.8778409093749999 0.605902778125 0.8764204546875 0.6267361109375 0.8480113640625 0.6493055562500001 0.83806818125 0.6805555562500001 0.83806818125 0.6944444437499999 0.8508522734374999 0.706597221875 0.85369318125 0.7361111109375 0.8409090906250001 0.8298611109375 0.84375 0.840277778125 0.8678977265625001 0.7586805562500001 0.89630681875 0.6961805562500001 0.8977272734374999 0.637152778125 0.8863636359375 0.6024305562500001 0.8778409093749999 0.605902778125