1 0.553125 0.4296875 0.5546875 0.4375 0.5625 0.44375 0.5671875 0.44375 0.5734375 0.4375 0.575 0.4296875 0.5765625 0.4296875 0.5765625 0.440625 0.571875 0.4484375 0.5734375 0.459375 0.571875 0.4828125 0.56875 0.4921875 0.5640625 0.4953125 0.5484375 0.490625 0.546875 0.4671875 0.55 0.4515625 0.553125 0.446875 0.553125 0.43125
2 0.4984375 0.3953125 0.5015625 0.3984375 0.4984375 0.4078125 0.4921875 0.4109375 0.4890625 0.40625 0.490625 0.3984375 0.496875 0.396875
2 0.5796875 0.5109375 0.5796875 0.5171875 0.5765625 0.5203125 0.575 0.5203125 0.575 0.5125 0.578125 0.5109375
3 0.47017045468749996 0.21875 0.46022727343750003 0.20138888906250002 0.44744318125 0.21354166718749998 0.43892045468749996 0.24479166718749998 0.46448863593749995 0.26215277812500004 0.471590909375 0.24305555625 0.47017045468749996 0.21875
3 0.49857954531250004 0.3888888890625 0.48863636406250005 0.4045138890625 0.5 0.41840277812500004 0.5 0.45659722187499996 0.5170454546875 0.47743055625 0.5213068187500001 0.5017361109375 0.5269886359375 0.48784722187499996 0.5213039765625 0.34599652812500004 0.5130852265625 0.321796875 0.50886931875 0.29836979218750004 0.5012826703125 0.2978541671875 0.49559232968750005 0.29991493125 0.49289772656249997 0.3072916671875 0.49289772656249997 0.32465277812500004 0.5014204546875 0.3333333328125 0.5014204546875 0.3645833328125 0.49857954531250004 0.3888888890625
3 0.5241477265625 0.36284722187499996 0.5291022734374999 0.3398177078125 0.52657244375 0.307637153125 0.519828125 0.29167708281250004 0.5099431812499999 0.2829861109375 0.5085227265625 0.26215277812500004 0.497159090625 0.26215277812500004 0.499174715625 0.2883298609375 0.49664630625 0.2991423609375 0.5090795453125 0.29734027812499997 0.5241477265625 0.36284722187499996
3 0.7144886359375 0.9982638890625 0.7173295453125 0.987847221875 0.7329545453125 0.984375 0.7372159093749999 0.9756944437499999 0.7372159093749999 0.921875 0.7258522734375 0.875 0.7315340906250001 0.828125 0.7244318187500001 0.815972221875 0.7045454546875 0.8211805562500001 0.6889204546875 0.8680555562500001 0.6676136359375 0.887152778125 0.6505681812499999 0.9236111109375 0.6505681812499999 0.9479166671874999 0.6647727265625 0.956597221875 0.6590909093749999 0.9982638890625 0.7144886359375 0.9982638890625
3 0.10369318125 0.7413194437499999 0.1321022734375 0.769097221875 0.15625 0.8645833328125001 0.15625 0.887152778125 0.17471590937499998 0.902777778125 0.17755681875 0.8923611109375 0.19034090937499998 0.8854166671874999 0.19034090937499998 0.871527778125 0.1633522734375 0.7413194437499999 0.1676136359375 0.7291666671875 0.1605113640625 0.703125 0.1647727265625 0.6822916671875 0.15056818125 0.652777778125 0.1477272734375 0.628472221875 0.125 0.621527778125 0.11505681875 0.5954861109375 0.1079545453125 0.5954861109375 0.1022727265625 0.605902778125 0.1008522734375 0.6319444437499999 0.1079545453125 0.652777778125 0.1008522734375 0.6805555562500001 0.10369318125 0.7413194437499999
3 0.18892045468750002 0.6701388890625 0.2017045453125 0.6788194437499999 0.2144886359375 0.7204861109375 0.21875 0.7517361109375 0.2116477265625 0.7569444437499999 0.2116477265625 0.765625 0.231534090625 0.777777778125 0.231534090625 0.7586805562500001 0.2457386359375 0.7517361109375 0.247159090625 0.7447916671875 0.2272727265625 0.6736111109375 0.2272727265625 0.659722221875 0.237215909375 0.652777778125 0.231534090625 0.559027778125 0.2201704546875 0.5381944437499999 0.205965909375 0.5329861109375 0.1988636359375 0.5086805562500001 0.18607954531249998 0.5104166671875 0.1832386359375 0.519097221875 0.1917613640625 0.5607638890625 0.1803977265625 0.590277778125 0.1917613640625 0.6267361109375 0.18892045468750002 0.6701388890625
3 0.5539772734375 0.6267361109375 0.5667613640625 0.5381944437499999 0.5823863640625 0.5086805562500001 0.5823863640625 0.43055555625 0.5681818187500001 0.38368055624999997 0.5553977265625 0.3888888890625 0.5397727265625 0.43055555625 0.53125 0.47569444375 0.5298295453125 0.503472221875 0.5482954546875 0.53125 0.546875 0.6197916671875 0.5539772734375 0.6267361109375
2 0.4378167609375 0.24960590312500003 0.4409417609375 0.24960590312500003 0.44328551093749996 0.24340277812500002 0.4409417609375 0.23872743125 0.44025852343749994 0.24006249999999998 0.4376207390625 0.244237846875 0.4378167609375 0.24960590312500003