1 0.484375 0.45625 0.490625 0.4625 0.496875 0.45625 0.49375 0.471875 0.4984375 0.48125 0.4984375 0.496875 0.5 0.4984375 0.5 0.515625 0.496875 0.5234375 0.478125 0.5203125 0.475 0.515625 0.475 0.4984375 0.478125 0.490625 0.478125 0.48125 0.484375 0.465625 0.484375 0.4578125
1 0.3625 0.88125 0.3671875 0.8890625 0.3671875 0.9015625 0.3640625 0.9125 0.35625 0.9171875 0.34375 0.8890625 0.334375 0.88125 0.3359375 0.85625 0.3515625 0.8546875 0.3609375 0.88125
1 0.4828125 0.2546875 0.490625 0.2609375 0.49375 0.2609375 0.496875 0.2703125 0.4953125 0.28125 0.4921875 0.2828125 0.4828125 0.28125 0.4828125 0.25625
1 0.20891619375 0.9126545140625 0.20358806875000002 0.8703472218750001 0.20314346562500002 0.8387482640625 0.20092329531250003 0.855703125 0.20403125000000003 0.8855347218749999 0.20625142031250002 0.91319618125 0.20758380625 0.92458680625 0.2106917609375 0.9424861109375 0.21957244375 0.944112846875 0.2249019890625 0.9310954859375 0.21824147656249998 0.9164513890625001 0.213356534375 0.9088576390625001 0.20891619375 0.9126545140625
2 0.834375 0.6015625 0.8375 0.6 0.8421875 0.6015625 0.8421875 0.6171875 0.8375 0.6265625 0.834375 0.6265625 0.83125 0.615625 0.834375 0.603125
2 0.3484375 0.7859375 0.353125 0.7859375 0.3578125 0.7890625 0.3578125 0.803125 0.353125 0.8140625 0.3484375 0.815625 0.346875 0.8078125 0.3421875 0.803125 0.34375 0.7921875 0.3484375 0.7875
3 0.453125 0.234375 0.4578125 0.234375 0.4625 0.240625 0.4671875 0.259375 0.475 0.2765625 0.4796875 0.30625 0.4796875 0.3171875 0.4703125 0.3421875 0.4703125 0.39375 0.4640625 0.396875 0.45625 0.39375 0.4546875 0.38125 0.4609375 0.375 0.4609375 0.3453125 0.4578125 0.3359375 0.4546875 0.309375 0.4515625 0.3015625 0.4515625 0.2703125 0.453125 0.26875 0.4515625 0.2390625 0.453125 0.2359375
3 0.5015625 0.3984375 0.5078125 0.403125 0.5109375 0.4125 0.5109375 0.421875 0.50625 0.434375 0.50625 0.440625 0.5140625 0.4515625 0.5171875 0.4734375 0.5234375 0.48125 0.5265625 0.48125 0.5359375 0.46875 0.540625 0.46875 0.55 0.48125 0.55 0.4875 0.5359375 0.4921875 0.5328125 0.490625 0.525 0.5015625 0.515625 0.5046875 0.5125 0.509375 0.50625 0.5828125 0.503125 0.5890625 0.503125 0.609375 0.49375 0.64375 0.4875 0.6421875 0.4859375 0.6328125 0.478125 0.521875 0.4796875 0.5203125 0.4953125 0.521875 0.5 0.515625 0.5 0.49375 0.496875 0.48125 0.490625 0.46875 0.484375 0.465625 0.484375 0.4421875 0.49375 0.4328125 0.4921875 0.4078125 0.4953125 0.4 0.5 0.3984375
3 0.8515625 0.4671875 0.85625 0.4828125 0.8578125 0.503125 0.8625 0.5140625 0.8625 0.5375 0.8578125 0.553125 0.8578125 0.5734375 0.8546875 0.584375 0.8421875 0.60625 0.8421875 0.615625 0.8390625 0.625 0.8328125 0.63125 0.8296875 0.6390625 0.8265625 0.6515625 0.8265625 0.665625 0.8234375 0.6765625 0.821875 0.696875 0.8125 0.7203125 0.8078125 0.7265625 0.8015625 0.7265625 0.8015625 0.7140625 0.80625 0.7046875 0.80625 0.696875 0.8125 0.690625 0.8125 0.659375 0.81875 0.6328125 0.8203125 0.5953125 0.825 0.575 0.828125 0.5703125 0.83125 0.528125 0.8390625 0.496875 0.8375 0.4734375 0.8421875 0.4640625 0.85 0.4671875
3 0.23125 0.7734375 0.2359375 0.803125 0.2359375 0.81875 0.2390625 0.825 0.2390625 0.83125 0.2421875 0.834375 0.253125 0.8359375 0.259375 0.8421875 0.2640625 0.853125 0.2796875 0.8671875 0.2796875 0.8984375 0.2734375 0.9 0.2640625 0.89375 0.2609375 0.8953125 0.2609375 0.8984375 0.2734375 0.9421875 0.2796875 0.953125 0.2796875 0.9640625 0.2859375 0.9984375 0.2734375 0.9984375 0.265625 0.978125 0.2640625 0.9796875 0.2640625 0.9984375 0.25 0.996875 0.2484375 0.9796875 0.234375 0.9609375 0.2296875 0.94375 0.2265625 0.940625 0.221875 0.9203125 0.2125 0.909375 0.20625 0.9078125 0.203125 0.9015625 0.203125 0.8421875 0.2125 0.83125 0.2140625 0.825 0.2109375 0.8015625 0.2125 0.7796875 0.2203125 0.771875 0.2296875 0.7734375
3 0.984375 0.6984375 0.9875 0.696875 0.9953125 0.684375 0.9984375 0.6859375 0.9984375 0.709375 0.9953125 0.7203125 0.9984375 0.7328125 0.996875 0.8078125 0.9828125 0.840625 0.9828125 0.846875 0.978125 0.8546875 0.9765625 0.878125 0.9703125 0.884375 0.9640625 0.88125 0.95625 0.871875 0.95625 0.8609375 0.9625 0.8484375 0.9625 0.840625 0.9515625 0.8296875 0.953125 0.8109375 0.96875 0.78125 0.96875 0.775 0.978125 0.75625 0.9765625 0.7203125 0.984375 0.7
3 0.36328125 0.8625 0.07109375 0.2640625
3 0.49375 0.26875 0.4890625 0.265625 0.4859375 0.2671875 0.4859375 0.278125 0.490625 0.2828125 0.490625 0.2890625 0.4984375 0.3046875 0.5015625 0.31875 0.4953125 0.325 0.4953125 0.328125 0.4890625 0.3296875 0.4859375 0.325 0.484375 0.3140625 0.484375 0.2921875 0.4828125 0.290625 0.484375 0.259375 0.48125 0.253125 0.48125 0.234375 0.484375 0.2265625 0.4859375 0.1953125 0.4921875 0.19375 0.496875 0.2015625 0.4953125 0.2265625 0.4984375 0.23125 0.5 0.2421875 0.4953125 0.2484375 0.4953125 0.2671875