1 0.99375 0.81875 0.9734375 0.8515625 0.9671875 0.8578125 0.9671875 0.8625 0.9578125 0.8734375 0.95625 0.88125 0.953125 0.884375 0.9390625 0.8859375 0.9375 0.8828125 0.9421875 0.875 0.9421875 0.86875 0.946875 0.8609375 0.946875 0.85625 0.953125 0.8484375 0.95625 0.8375 0.9515625 0.8578125 0.9515625 0.865625 0.95625 0.86875 0.965625 0.859375 0.96875 0.85 0.984375 0.828125 0.984375 0.825 0.9921875 0.81875
1 0.4969616484375 0.4150451390625 0.4951889203125 0.3614045140625 0.49385795468750004 0.36357118125 0.4943011359375 0.39553993125 0.496518465625 0.4155885421875 0.4978480109375 0.43671875 0.508044034375 0.41396180625 0.4969616484375 0.4150451390625
2 0.45 0.3359375 0.01171875 0.0125
2 0.5078125 0.434375 0.509375 0.4390625 0.50625 0.4453125 0.5 0.4453125 0.5015625 0.4359375 0.50625 0.4359375
2 0.2140625 0.5421875 0.2171875 0.540625 0.2234375 0.5421875 0.2234375 0.553125 0.2171875 0.559375 0.2140625 0.55625 0.2140625 0.54375
2 0.9390625 0.8640625 0.9421875 0.865625 0.9390625 0.8828125 0.934375 0.8859375 0.9296875 0.8828125 0.9296875 0.8765625 0.9375 0.865625
2 0.9375 0.884375 0.9546875 0.8859375 0.9546875 0.896875 0.94375 0.9015625 0.9375 0.8984375 0.9359375 0.89375 0.9375 0.8859375
2 0.478125 0.340625 0.48125 0.334375 0.4859375 0.334375 0.4875 0.3390625 0.484375 0.34375 0.48125 0.34375 0.4796875 0.340625
0 0.44852556874999994 0.29678819375 0.44083380625 0.2849322921875 0.4358167609375 0.283706596875 0.43481249999999994 0.288203125 0.43548153437500003 0.288203125 0.441502840625 0.3029201390625 0.4471889203125 0.300875 0.44852556874999994 0.29678819375
2 0.4423011359375 0.2837326390625 0.441143465625 0.278074653125 0.4351264203125 0.276659721875 0.4325795453125 0.27864062500000003 0.43072869375 0.28033680625 0.4309602265625 0.2837326390625 0.43165340937499996 0.2930677078125 0.43443181875 0.29080381875 0.4346633515625 0.2851458328125 0.43720880624999997 0.28344965312500003 0.4423011359375 0.2837326390625
3 0.4671875 0.2609375 0.4734375 0.2671875 0.475 0.2875 0.4828125 0.29375 0.4828125 0.2984375 0.4875 0.30625 0.4875 0.3140625 0.4921875 0.3203125 0.4828125 0.34375 0.475 0.340625 0.4734375 0.34375 0.4671875 0.346875 0.4703125 0.353125 0.4640625 0.353125 0.4625 0.3421875 0.45625 0.3359375 0.45 0.3359375 0.45 0.3265625 0.453125 0.31875 0.453125 0.2984375 0.4546875 0.29375 0.4625 0.2859375 0.4625 0.2671875 0.465625 0.2625
3 0.4796875 0.40625 0.48125 0.3890625 0.484375 0.3828125 0.4859375 0.3578125 0.49375 0.34375 0.49375 0.3234375 0.5 0.3140625 0.5046875 0.3140625 0.509375 0.31875 0.5125 0.3296875 0.5078125 0.3484375 0.5140625 0.3578125 0.515625 0.3703125 0.515625 0.4140625 0.5140625 0.4296875 0.509375 0.4421875 0.509375 0.4703125 0.5109375 0.471875 0.509375 0.490625 0.5046875 0.5015625 0.5015625 0.496875 0.5 0.4671875 0.4984375 0.465625 0.496875 0.4671875 0.4984375 0.509375 0.4953125 0.5171875 0.490625 0.521875 0.484375 0.5203125 0.4890625 0.5046875 0.4890625 0.484375 0.4859375 0.4609375 0.4859375 0.4234375 0.484375 0.4109375 0.48125 0.40625
3 0.553125 0.2734375 0.559375 0.2796875 0.5609375 0.3046875 0.56875 0.3109375 0.5734375 0.325 0.5734375 0.353125 0.565625 0.3734375 0.565625 0.390625 0.5609375 0.4125 0.5609375 0.4625 0.559375 0.4640625 0.559375 0.4859375 0.55625 0.4953125 0.5515625 0.4953125 0.55 0.490625 0.5515625 0.4125 0.55 0.4109375 0.546875 0.4140625 0.5453125 0.4234375 0.54375 0.465625 0.540625 0.4640625 0.5359375 0.4546875 0.5390625 0.35625 0.53125 0.35 0.5328125 0.325 0.5390625 0.3109375 0.546875 0.303125 0.546875 0.275 0.5515625 0.2734375
3 0.196875 0.4640625 0.2015625 0.475 0.2015625 0.496875 0.1984375 0.5125 0.2125 0.540625 0.2203125 0.5421875 0.2203125 0.553125 0.2171875 0.5578125 0.2171875 0.5703125 0.2140625 0.58125 0.2140625 0.596875 0.2078125 0.6125 0.20625 0.6359375 0.2 0.6484375 0.1875 0.628125 0.1859375 0.6203125 0.178125 0.609375 0.175 0.596875 0.175 0.5796875 0.178125 0.565625 0.1765625 0.55 0.178125 0.4953125 0.1875 0.465625 0.1953125 0.4640625
3 0.99375 0.7609375 0.9984375 0.7609375 0.9984375 0.778125 0.996875 0.7796875 0.9984375 0.8453125 0.99375 0.8578125 0.99375 0.8671875 0.98125 0.890625 0.98125 0.8953125 0.9765625 0.903125 0.9703125 0.925 0.9625 0.9359375 0.95625 0.95 0.95625 0.9546875 0.946875 0.9734375 0.9390625 0.9828125 0.9359375 0.9953125 0.928125 0.9984375 0.925 0.99375 0.9234375 0.9953125 0.9140625 0.99375 0.91875 0.990625 0.9171875 0.978125 0.921875 0.971875 0.921875 0.9671875 0.9265625 0.9609375 0.928125 0.953125 0.93125 0.946875 0.940625 0.9390625 0.9421875 0.934375 0.940625 0.9203125 0.9421875 0.9046875 0.9375 0.9 0.934375 0.8859375 0.93125 0.88125 0.9328125 0.871875 0.9375 0.865625 0.940625 0.8484375 0.94375 0.840625 0.9578125 0.821875 0.9578125 0.809375 0.965625 0.7984375 0.965625 0.7953125 0.971875 0.7890625 0.9765625 0.7875 0.98125 0.7890625 0.984375 0.7859375 0.984375 0.778125 0.990625 0.771875 0.99375 0.7625
3 0.471875 0.24375 0.4765625 0.2484375 0.4765625 0.26875 0.48125 0.2734375 0.4828125 0.290625 0.475 0.2859375 0.4765625 0.2703125 0.4671875 0.2625 0.4609375 0.2734375 0.4609375 0.2875 0.453125 0.2953125 0.453125 0.2984375 0.4484375 0.296875 0.4484375 0.2859375 0.4375 0.284375 0.4359375 0.2796875 0.4515625 0.26875 0.45625 0.25 0.459375 0.253125 0.465625 0.24375 0.4703125 0.24375