1 0.4640625 0.1421875 0.4671875 0.146875 0.4671875 0.159375 0.4625 0.1609375 0.4625 0.14375
1 0.1546875 0.575 0.15 0.5640625 0.15 0.55625 0.153125 0.5546875 0.1578125 0.559375 0.159375 0.5703125 0.15625 0.5734375
2 0.23125 0.6140625 0.234375 0.6296875 0.2328125 0.6375 0.2265625 0.6359375 0.2265625 0.61875 0.2296875 0.615625
2 0.1125 0.9 0.121875 0.9046875 0.1234375 0.909375 0.121875 0.9234375 0.1171875 0.9265625 0.1109375 0.925 0.109375 0.9203125 0.109375 0.903125 0.1109375 0.9015625
2 0.20625 0.6359375 0.203125 0.6265625 0.203125 0.61875 0.20625 0.615625 0.2109375 0.615625 0.215625 0.6203125 0.21875 0.634375 0.2171875 0.6375 0.2078125 0.6359375
2 0.146875 0.6703125 0.1515625 0.6765625 0.1515625 0.6890625 0.1453125 0.69375 0.1421875 0.690625 0.1421875 0.678125 0.146875 0.671875
3 0.1859375 0.434375 0.2 0.4484375 0.2078125 0.4640625 0.215625 0.496875 0.2140625 0.503125 0.203125 0.5125 0.2015625 0.521875 0.2015625 0.56875 0.2 0.5703125 0.2015625 0.6296875 0.203125 0.63125 0.2015625 0.65625 0.196875 0.65625 0.1953125 0.634375 0.1875 0.6015625 0.1859375 0.575 0.1828125 0.56875 0.18125 0.55 0.171875 0.525 0.171875 0.50625 0.16875 0.490625 0.16875 0.478125 0.171875 0.471875 0.171875 0.465625 0.178125 0.4546875 0.178125 0.45 0.184375 0.4359375
3 0.453125 0.1171875 0.4578125 0.1203125 0.4578125 0.1265625 0.4640625 0.14375 0.4625 0.1515625 0.4640625 0.159375 0.459375 0.165625 0.45625 0.184375 0.45 0.1953125 0.446875 0.171875 0.446875 0.1390625 0.4515625 0.1296875 0.453125 0.11875
3 0.0328125 0.7734375 0.0375 0.778125 0.0421875 0.7953125 0.0453125 0.8515625 0.0578125 0.8703125 0.0609375 0.8859375 0.0703125 0.9109375 0.0796875 0.921875 0.0875 0.921875 0.10625 0.9109375 0.1125 0.9 0.121875 0.90625 0.1203125 0.9234375 0.1109375 0.925 0.10625 0.9328125 0.1 0.9375 0.1 0.940625 0.08125 0.953125 0.08125 0.9609375 0.0859375 0.975 0.084375 0.9953125 0.08125 0.996875 0.0640625 0.99375 0.0625 0.984375 0.0515625 0.971875 0.0421875 0.9421875 0.0390625 0.9203125 0.0328125 0.909375 0.0234375 0.878125 0.0203125 0.846875 0.025 0.8359375 0.025 0.8296875 0.01875 0.8078125 0.01875 0.7875 0.021875 0.778125 0.028125 0.771875 0.03125 0.7734375
3 0.165625 0.6546875 0.165625 0.6625 0.159375 0.6671875 0.159375 0.6828125 0.1703125 0.6921875 0.1703125 0.6984375 0.159375 0.7 0.1546875 0.6953125 0.1546875 0.6796875 0.1515625 0.6734375 0.146875 0.65 0.1453125 0.621875 0.140625 0.6109375 0.140625 0.6015625 0.13125 0.578125 0.1296875 0.559375 0.1265625 0.5515625 0.125 0.5109375 0.128125 0.496875 0.128125 0.4796875 0.1375 0.4625 0.1421875 0.4671875 0.146875 0.478125 0.146875 0.4953125 0.1484375 0.496875 0.146875 0.5078125 0.1484375 0.51875 0.1546875 0.534375 0.1546875 0.55625 0.1578125 0.5609375 0.1578125 0.5703125 0.1546875 0.575 0.15625 0.646875 0.1578125 0.6515625 0.1640625 0.6546875
3 0.53125 0.225 0.5375 0.23125 0.540625 0.2453125 0.5453125 0.25 0.5515625 0.2703125 0.5515625 0.275 0.5453125 0.2890625 0.54375 0.321875 0.5390625 0.340625 0.540625 0.3984375 0.5375 0.4 0.53125 0.396875 0.53125 0.3515625 0.5296875 0.35 0.525 0.353125 0.5234375 0.396875 0.51875 0.4 0.5109375 0.3953125 0.5109375 0.3890625 0.515625 0.3765625 0.515625 0.275 0.525 0.2546875 0.521875 0.246875 0.521875 0.2296875 0.5296875 0.225
3 0.10625 0.5328125 0.109375 0.540625 0.1125 0.565625 0.1109375 0.58125 0.1234375 0.596875 0.1265625 0.609375 0.1328125 0.621875 0.134375 0.6328125 0.1375 0.6375 0.140625 0.6578125 0.15 0.675 0.15 0.6828125 0.146875 0.6890625 0.146875 0.7109375 0.1515625 0.73125 0.153125 0.75 0.15625 0.7515625 0.1578125 0.7484375 0.165625 0.746875 0.16875 0.7515625 0.16875 0.7609375 0.165625 0.7671875 0.1546875 0.778125 0.1515625 0.7765625 0.15 0.7703125 0.1421875 0.765625 0.1390625 0.7484375 0.134375 0.7453125 0.1296875 0.7515625 0.1296875 0.7625 0.134375 0.7859375 0.1390625 0.7921875 0.140625 0.8 0.140625 0.8140625 0.1375 0.825 0.1328125 0.8234375 0.1265625 0.8125 0.1234375 0.7953125 0.1203125 0.790625 0.1203125 0.7828125 0.115625 0.765625 0.115625 0.746875 0.103125 0.7046875 0.096875 0.6734375 0.096875 0.6640625 0.09375 0.6546875 0.0875 0.646875 0.084375 0.6296875 0.084375 0.6015625 0.0953125 0.5828125 0.0953125 0.571875 0.0921875 0.5640625 0.09375 0.5375 0.096875 0.5328125 0.1046875 0.5328125
3 0.2171875 0.503125 0.2234375 0.5125 0.225 0.53125 0.234375 0.5453125 0.2375 0.56875 0.2359375 0.578125 0.2328125 0.5828125 0.23125 0.596875 0.225 0.6015625 0.23125 0.6171875 0.2296875 0.61875 0.23125 0.6203125 0.23125 0.6359375 0.228125 0.640625 0.2140625 0.640625 0.2078125 0.634375 0.2046875 0.625 0.20625 0.6078125 0.203125 0.603125 0.203125 0.5515625 0.2046875 0.55 0.203125 0.528125 0.20625 0.5109375 0.215625 0.5046875
3 0.4671875 0.1625 0.4671875 0.16875 0.4703125 0.1734375 0.475 0.1921875 0.475 0.2046875 0.471875 0.209375 0.471875 0.2203125 0.46875 0.228125 0.4671875 0.2015625 0.4609375 0.196875 0.4546875 0.196875 0.45625 0.1859375 0.459375 0.18125 0.459375 0.1671875 0.4609375 0.1640625 0.465625 0.1625